PCID,TCGID,
3506929,NA,
3465397,NA,
3461216,NA,
5003450,NA,
5428319,NA,
3461249,NA,
5428274,NA,
3469505,NA,
3462254,NA,
3439342,NA,
3461123,NA,
5421501,NA,
3507087,NA,
3462249,NA,
3506981,NA,
3465355,NA,
5768432,NA,
3445527,NA,
3465306,NA,
3507024,NA,
6526248,NA,
3459261,NA,
6281466,NA,
3465363,NA,
3460886,NA,
3439368,NA,
3472700,NA,
3462219,NA,
3506974,NA,
5428323,NA,
3507017,NA,
3465004,NA,
3506901,NA,
5882259,NA,
3460997,NA,
3445526,NA,
3460968,NA,
3461234,NA,
6468846,NA,
3440345,NA,
3460909,NA,
3459273,NA,
3465304,NA,
3465123,NA,
5003421,NA,
3465369,NA,
5964465,NA,
3461235,NA,
3465131,NA,
3465327,NA,
5428315,NA,
3491864,NA,
5428327,NA,
5003452,NA,
3461252,NA,
3465606,NA,
3439296,NA,
3460919,NA,
3469527,NA,
3469470,NA,
4894743,NA,
3492058,NA,
5428308,NA,
3438820,NA,
3445494,NA,
5003409,NA,
3469433,NA,
3445227,NA,
3440354,NA,
3460928,NA,
3491872,NA,
3469544,NA,
3465310,NA,
5964474,NA,
5768465,NA,
3465273,NA,
3438330,NA,
3509016,NA,
3438246,NA,
5428310,NA,
3465313,NA,
5964489,NA,
6526220,NA,
3465029,NA,
3465405,NA,
5964523,NA,
3460910,NA,
5003461,NA,
3469561,NA,
3465000,NA,
3469487,NA,
3462188,NA,
3461591,NA,
3438785,NA,
3465277,NA,
3472669,NA,
3438813,NA,
3470195,NA,
3465307,NA,
6281464,NA,
3460931,NA,
4894746,NA,
3465626,NA,
3440338,NA,
4559778,NA,
3491909,NA,
3469543,NA,
3465649,NA,
3459262,NA,
3457902,NA,
3469553,NA,
3461107,NA,
5768444,NA,
3469475,NA,
3461653,NA,
5428326,NA,
3461614,NA,
5964487,NA,
3465390,NA,
3438324,NA,
3465149,NA,
5964514,NA,
3440339,NA,
3457787,NA,
3465311,NA,
3465276,NA,
3491937,NA,
3460975,NA,
5428294,NA,
3461206,NA,
3461100,NA,
3468949,NA,
3461696,NA,
3462231,NA,
3461604,NA,
3492009,NA,
3438778,NA,
3465339,NA,
3438346,NA,
3439299,NA,
3492027,NA,
3472643,NA,
3461699,NA,
3465152,NA,
3465295,NA,
5428329,NA,
3465127,NA,
3468965,NA,
6526242,NA,
6526244,NA,
3461000,NA,
3439337,NA,
3445539,NA,
3506928,NA,
4894752,NA,
3470170,NA,
3445481,NA,
3461095,NA,
5768428,NA,
3472688,NA,
3461251,NA,
3461683,NA,
3461555,NA,
3506965,NA,
3461548,NA,
3461207,NA,
3470180,NA,
3465021,NA,
5003436,NA,
6302872,NA,
4559775,NA,
5964473,NA,
3459269,NA,
4559787,NA,
3459312,NA,
3465376,NA,
4559774,NA,
5428291,NA,
3461246,NA,
3470220,NA,
5768467,NA,
6021558,NA,
3440386,NA,
3465279,NA,
3506936,NA,
5003472,NA,
3472667,NA,
6240690,NA,
5964480,NA,
3461677,NA,
3472668,NA,
3461226,NA,
3460988,NA,
3459298,NA,
3472670,NA,
3461208,NA,
3465370,NA,
3462203,NA,
6206400,NA,
3508997,NA,
3468961,NA,
6526195,NA,
3461690,NA,
3465292,NA,
6526187,NA,
6526188,NA,
3465036,NA,
5964510,NA,
3468993,NA,
5221485,NA,
3459299,NA,
3440336,NA,
3461125,NA,
3453348,NA,
3461088,NA,
5882268,NA,
3465365,NA,
3438831,NA,
3453363,NA,
3461580,NA,
5964504,NA,
3472701,NA,
5768468,NA,
3462201,NA,
3438238,NA,
5964520,NA,
5428275,NA,
3465132,NA,
3491897,NA,
6281519,NA,
3465621,NA,
3440353,NA,
3464993,NA,
6928822,NA,
5964509,NA,
3465343,NA,
3465657,NA,
3439367,NA,
4894762,NA,
3440377,NA,
4559779,NA,
3457874,NA,
5003477,NA,
6526231,NA,
3469493,NA,
3465615,NA,
3470179,NA,
3438790,NA,
3462181,NA,
3460976,NA,
3460995,NA,
6206609,NA,
3470149,NA,
3445517,NA,
3438783,NA,
3459259,NA,
3462205,NA,
5882273,NA,
5882266,NA,
3469494,NA,
3460963,NA,
3465342,NA,
3461669,NA,
3457847,NA,
6281509,NA,
6526208,NA,
5003440,NA,
3461242,NA,
3465278,NA,
3459257,NA,
3465608,NA,
3461248,NA,
3465641,NA,
3457855,NA,
3465630,NA,
3465604,NA,
3445243,NA,
3469488,NA,
3457876,NA,
3506900,NA,
3459313,NA,
3469478,NA,
5882275,NA,
3469534,NA,
3469542,NA,
5428321,NA,
3468977,NA,
3465628,NA,
3457845,NA,
3469474,NA,
3461090,NA,
5964468,NA,
3506915,NA,
6281480,NA,
3460960,NA,
3469434,NA,
3464998,NA,
5768434,NA,
3438277,NA,
4956505,NA,
3460959,NA,
3506950,NA,
3439307,NA,
3461566,NA,
3445484,NA,
3438293,NA,
3438830,NA,
3438257,NA,
3507086,NA,
5003460,NA,
3459309,NA,
5428301,NA,
3460899,NA,
3459286,NA,
3461655,NA,
3465662,NA,
3465039,NA,
6281454,NA,
3465037,NA,
3468954,NA,
5428328,NA,
3468972,NA,
3465027,NA,
3465631,NA,
3469507,NA,
6206660,NA,
3465005,NA,
3465623,NA,
3469439,NA,
3465009,NA,
3506907,NA,
3464987,NA,
3461111,NA,
3461593,NA,
5768436,NA,
3445255,NA,
3468985,NA,
3468992,NA,
3445488,NA,
6021682,NA,
3465124,NA,
3460986,NA,
3440343,NA,
3462221,NA,
6206665,NA,
3492072,NA,
5964491,NA,
3460965,NA,
3461639,NA,
5768445,NA,
3507004,NA,
6281458,NA,
6526227,NA,
3461670,NA,
3465360,NA,
3461232,NA,
3461255,NA,
3491879,NA,
6281511,NA,
3439346,NA,
3440381,NA,
5428318,NA,
3440365,NA,
3469450,NA,
3469523,NA,
3465622,NA,
5964477,NA,
3461598,NA,
3462245,NA,
3470155,NA,
3461710,NA,
3461601,NA,
3465663,NA,
6206653,NA,
3445502,NA,
3469518,NA,
3461661,NA,
3472654,NA,
3461082,NA,
3445141,NA,
3492036,NA,
3465368,NA,
3506990,NA,
5882247,NA,
3472679,NA,
3462244,NA,
3438791,NA,
3462218,NA,
3461089,NA,
3438326,NA,
3438832,NA,
5428290,NA,
5964513,NA,
6281468,NA,
3461650,NA,
3468957,NA,
3459300,NA,
3461228,NA,
3491874,NA,
3468994,NA,
3460885,NA,
3465109,NA,
3461245,NA,
3439356,NA,
3439335,NA,
3465151,NA,
3465120,NA,
6281486,NA,
3465634,NA,
6281469,NA,
3469532,NA,
3469004,NA,
3469514,NA,
3469522,NA,
3439344,NA,
3440364,NA,
4034134,NA,
5204565,NA,
3469519,NA,
3465022,NA,
3440347,NA,
3469445,NA,
3461130,NA,
3464985,NA,
3445238,NA,
6526215,NA,
3469554,NA,
3491858,NA,
3445253,NA,
3469502,NA,
3462215,NA,
3461559,NA,
3461004,NA,
3445515,NA,
3506963,NA,
3438794,NA,
3465154,NA,
6526190,NA,
3462178,NA,
3461709,NA,
3465105,NA,
5964484,NA,
6206658,NA,
3472646,NA,
5768441,NA,
5882278,NA,
3507046,NA,
3462214,NA,
3445153,NA,
3462187,NA,
3469006,NA,
3461217,NA,
3465033,NA,
3465268,NA,
3459278,NA,
3445485,NA,
5428317,NA,
5428322,NA,
3461250,NA,
3440371,NA,
3439323,NA,
3469533,NA,
3460902,NA,
3457915,NA,
4559771,NA,
3465652,NA,
3465661,NA,
6281451,NA,
3506927,NA,
5428285,NA,
3459285,NA,
3465324,NA,
3491847,NA,
3465316,NA,
3469484,NA,
3461103,NA,
3465603,NA,
3465024,NA,
3465139,NA,
4894753,NA,
3492054,NA,
4956501,NA,
6526209,NA,
3461635,NA,
5882258,NA,
5768451,NA,
3438817,NA,
3453372,NA,
4894758,NA,
3461552,NA,
3460987,NA,
3507111,NA,
3472690,NA,
3445513,NA,
6636933,NA,
3461588,NA,
3470162,NA,
3492052,NA,
3438292,NA,
3462208,NA,
3461260,NA,
3462241,NA,
3453373,NA,
3465349,NA,
6526202,NA,
5964467,NA,
4559780,NA,
6281507,NA,
3507078,NA,
3465150,NA,
3468986,NA,
6281500,NA,
5003441,NA,
6206647,NA,
3464999,NA,
3461673,NA,
3468978,NA,
3459301,NA,
3470177,NA,
3465161,NA,
3459305,NA,
6281459,NA,
6281462,NA,
5428277,NA,
3440398,NA,
3469444,NA,
3469490,NA,
3445507,NA,
3468984,NA,
3461091,NA,
5964521,NA,
3491913,NA,
3461121,NA,
3472702,NA,
3445533,NA,
3462242,NA,
3507115,NA,
3470196,NA,
3438827,NA,
3470166,NA,
3491911,NA,
3470176,NA,
5964507,NA,
3445487,NA,
3461621,NA,
3438793,NA,
3461565,NA,
3438322,NA,
3445496,NA,
5768430,NA,
3453376,NA,
5768456,NA,
3462232,NA,
3438826,NA,
3492026,NA,
3472689,NA,
3445480,NA,
3453325,NA,
3462237,NA,
3438264,NA,
3472674,NA,
3464995,NA,
5768461,NA,
3462239,NA,
3445504,NA,
6281472,NA,
3465374,NA,
5768458,NA,
3465379,NA,
3465286,NA,
4556207,NA,
6281518,NA,
3440333,NA,
3461682,NA,
3465318,NA,
3491931,NA,
3464997,NA,
3465627,NA,
3462217,NA,
3460918,NA,
5003426,NA,
5003408,NA,
3491893,NA,
3506897,NA,
3460942,NA,
3468981,NA,
6206655,NA,
3468950,NA,
3465305,NA,
3506917,NA,
3506926,NA,
3506903,NA,
3461114,NA,
3460964,NA,
3470181,NA,
3469468,NA,
3506925,NA,
3469499,NA,
3445236,NA,
5964469,NA,
3470165,NA,
3461615,NA,
3506904,NA,
3462207,NA,
3457888,NA,
3460982,NA,
6206626,NA,
3465337,NA,
3462186,NA,
3461118,NA,
3507061,NA,
3465148,NA,
3462189,NA,
3438810,NA,
3453293,NA,
3438258,NA,
3472665,NA,
3453329,NA,
3459318,NA,
6526218,NA,
3460923,NA,
3461263,NA,
3472664,NA,
3465357,NA,
5964511,NA,
6526229,NA,
5003447,NA,
3464992,NA,
5964470,NA,
5428331,NA,
3465317,NA,
3461596,NA,
3465375,NA,
4559786,NA,
3465345,NA,
5003473,NA,
3465323,NA,
3460935,NA,
3457928,NA,
3457929,NA,
3440344,NA,
3465038,NA,
4034120,NA,
3465644,NA,
4894754,NA,
3469503,NA,
3440335,NA,
3439302,NA,
3469452,NA,
3469497,NA,
3465283,NA,
5882261,NA,
3440361,NA,
3506923,NA,
3461681,NA,
3461576,NA,
5964464,NA,
3439343,NA,
3461613,NA,
3461692,NA,
3453354,NA,
6526185,NA,
6206644,NA,
3462256,NA,
3461599,NA,
3438259,NA,
3461210,NA,
3507044,NA,
3465271,NA,
5428306,NA,
3457736,NA,
6526267,NA,
3491881,NA,
5964482,NA,
3465290,NA,
3460916,NA,
3465296,NA,
3457935,NA,
3461222,NA,
5428303,NA,
3462176,NA,
5964461,NA,
3460925,NA,
5003478,NA,
5003469,NA,
3461209,NA,
5964502,NA,
6302878,NA,
5003464,NA,
3440352,NA,
3465285,NA,
6281476,NA,
3445221,NA,
3465381,NA,
3461096,NA,
3469479,NA,
4559769,NA,
3457873,NA,
3506905,NA,
6281501,NA,
3465612,NA,
3440400,NA,
4894744,NA,
3438304,NA,
3506908,NA,
3469509,NA,
5964518,NA,
3470222,NA,
3445135,NA,
3509008,NA,
3461253,NA,
3460996,NA,
3440362,NA,
3472693,NA,
3469515,NA,
3465145,NA,
6526201,NA,
3465646,NA,
3445237,NA,
5882260,NA,
3438291,NA,
3508981,NA,
3465340,NA,
3492002,NA,
5003454,NA,
3465115,NA,
5768446,NA,
3438815,NA,
3507062,NA,
3667519,NA,
3465284,NA,
4894763,NA,
3438308,NA,
3462192,NA,
3457870,NA,
3507108,NA,
3491866,NA,
3491906,NA,
5428324,NA,
3465157,NA,
3461257,NA,
3465041,NA,
3465384,NA,
5428293,NA,
6206650,NA,
3465298,NA,
3465407,NA,
3457764,NA,
3465160,NA,
3460921,NA,
3457889,NA,
3461233,NA,
3461697,NA,
4559785,NA,
3440373,NA,
3465108,NA,
3469506,NA,
6281481,NA,
3469504,NA,
6281485,NA,
3469535,NA,
3465137,NA,
3468969,NA,
3461215,NA,
3469516,NA,
6281456,NA,
3445232,NA,
3465620,NA,
3440397,NA,
3469458,NA,
3465297,NA,
5003419,NA,
3469529,NA,
4894757,NA,
3506906,NA,
3461627,NA,
3465312,NA,
3462247,NA,
3461611,NA,
5882257,NA,
3460966,NA,
3469442,NA,
5964481,NA,
3492044,NA,
3462225,NA,
3462240,NA,
3465104,NA,
5003410,NA,
3438780,NA,
3462180,NA,
3465126,NA,
3462228,NA,
3470173,NA,
3462248,NA,
3445148,NA,
3506966,NA,
3438255,NA,
5768442,NA,
3457751,NA,
3445529,NA,
3460991,NA,
3462190,NA,
3472703,NA,
3438260,NA,
3462174,NA,
3453304,NA,
3462179,NA,
3438814,NA,
3465025,NA,
3461658,NA,
3459277,NA,
5964466,NA,
3465010,NA,
3465602,NA,
5003430,NA,
3507049,NA,
5964503,NA,
5003475,NA,
3440332,NA,
5104700,NA,
3465034,NA,
3465026,NA,
5003458,NA,
3465643,NA,
3461712,NA,
3459258,NA,
3457895,NA,
3460890,NA,
3465659,NA,
6281479,NA,
3461203,NA,
3469555,NA,
4559783,NA,
6302868,NA,
3465156,NA,
5428309,NA,
3468948,NA,
3469495,NA,
3445244,NA,
3445224,NA,
5882252,NA,
5997364,NA,
3469545,NA,
5964483,NA,
5003474,NA,
3465035,NA,
5003446,NA,
6331436,NA,
3460992,NA,
3445522,NA,
3445246,NA,
3470218,NA,
3507063,NA,
3492022,NA,
3439324,NA,
3445228,NA,
3461667,NA,
5882254,NA,
5003445,NA,
6160450,NA,
3462175,NA,
5882276,NA,
3445486,NA,
3438823,NA,
3492001,NA,
3462264,NA,
3470157,NA,
3445479,NA,
3438256,NA,
3461573,NA,
3438811,NA,
3461664,NA,
3472691,NA,
3462257,NA,
3438295,NA,
3459289,NA,
3465293,NA,
6526239,NA,
3465380,NA,
3465400,NA,
5115589,NA,
3465032,NA,
5964493,NA,
3491910,NA,
5428296,NA,
6526191,NA,
3468953,NA,
6526226,NA,
3439348,NA,
3465015,NA,
3465300,NA,
5428286,NA,
6968532,NA,
3457947,NA,
5964499,NA,
6281465,NA,
3491916,NA,
3460948,NA,
3461702,NA,
5964485,NA,
3465359,NA,
6526219,NA,
3461131,NA,
3457853,NA,
3459316,NA,
3457936,NA,
3461079,NA,
3465611,NA,
3465329,NA,
3459308,NA,
3445229,NA,
3492032,NA,
3445235,NA,
3470161,NA,
3462195,NA,
3465017,NA,
3461002,NA,
3461003,NA,
3462251,NA,
3461128,NA,
3460990,NA,
3507042,NA,
3461646,NA,
3461618,NA,
3445233,NA,
3492071,NA,
3445499,NA,
5964496,NA,
3465358,NA,
3465121,NA,
3461628,NA,
3470189,NA,
3509004,NA,
3465354,NA,
3462183,NA,
3462230,NA,
3507071,NA,
3472657,NA,
3462209,NA,
3509007,NA,
3438781,NA,
3464988,NA,
3461227,NA,
3461606,NA,
3461686,NA,
6281504,NA,
5964516,NA,
6281463,NA,
3461109,NA,
5977601,NA,
3491924,NA,
3457846,NA,
3464984,NA,
3465330,NA,
5768448,NA,
5428314,NA,
3438282,NA,
3468971,NA,
5964501,NA,
5428325,NA,
3439321,NA,
5003457,NA,
3461200,NA,
6281526,NA,
3457892,NA,
3464983,NA,
3457878,NA,
6281477,NA,
3465280,NA,
3469559,NA,
3459279,NA,
3465294,NA,
6526247,NA,
3465648,NA,
3465153,NA,
3440366,NA,
6281487,NA,
3506914,NA,
3465406,NA,
5964476,NA,
3461008,NA,
3460934,NA,
3461668,NA,
5428302,NA,
3507018,NA,
3440388,NA,
3469538,NA,
3445144,NA,
5882271,NA,
5768418,NA,
5003432,NA,
3469491,NA,
5882242,NA,
3507054,NA,
3445483,NA,
3445524,NA,
5003455,NA,
3461594,NA,
4956496,NA,
3438777,NA,
3472656,NA,
6526237,NA,
3461262,NA,
6206663,NA,
3440378,NA,
3439347,NA,
3461600,NA,
3462182,NA,
3462199,NA,
3453371,NA,
3461561,NA,
6591046,NA,
3461564,NA,
3472736,NA,
3492068,NA,
3462243,NA,
3507015,NA,
3492047,NA,
3492064,NA,
3438309,NA,
3506998,NA,
5003448,NA,
3438796,NA,
5428281,NA,
6302864,NA,
3465393,NA,
5428288,NA,
3470171,NA,
6526249,NA,
3457758,NA,
6526246,NA,
6281460,NA,
5964472,NA,
5964506,NA,
3465020,NA,
3445136,NA,
3465350,NA,
6526213,NA,
3465023,NA,
3465333,NA,
6281470,NA,
3465314,NA,
3465364,NA,
3465618,NA,
3465642,NA,
3465125,NA,
3465134,NA,
3457925,NA,
3457747,NA,
3469451,NA,
3439298,NA,
3460927,NA,
3460911,NA,
3506919,NA,
3439315,NA,
3457880,NA,
3460883,NA,
3469007,NA,
3440369,NA,
6526211,NA,
3469447,NA,
3438804,NA,
3445152,NA,
3457885,NA,
3461104,NA,
5964517,NA,
3470172,NA,
5768429,NA,
3507028,NA,
5882245,NA,
3470194,NA,
3461671,NA,
3506941,NA,
3438329,NA,
5003444,NA,
3465389,NA,
3461634,NA,
3460971,NA,
4956499,NA,
3470160,NA,
5066124,NA,
6206625,NA,
3460974,NA,
3470168,NA,
5964490,NA,
5003443,NA,
6166644,NA,
3462202,NA,
3438795,NA,
3438800,NA,
3461602,NA,
3445498,NA,
3462198,NA,
3492061,NA,
3507026,NA,
6206666,NA,
5882269,NA,
3457907,NA,
3460896,NA,
6526272,NA,
5428295,NA,
3506976,NA,
6281517,NA,
5428278,NA,
3472650,NA,
3491863,NA,
7077341,NA,
3491915,NA,
6206606,NA,
3438821,NA,
3465645,NA,
3459256,NA,
3439366,NA,
3465044,NA,
3468990,NA,
5428282,NA,
6526184,NA,
3491870,NA,
3468983,NA,
6526199,NA,
3439304,NA,
3468966,NA,
3465351,NA,
3508991,NA,
3465303,NA,
3440379,NA,
3465605,NA,
3506902,NA,
3460947,NA,
3506924,NA,
3440356,NA,
3461117,NA,
4034135,NA,
3469483,NA,
3460983,NA,
3461097,NA,
3469462,NA,
3465624,NA,
3469446,NA,
4894755,NA,
3460993,NA,
3457754,NA,
5066113,NA,
5003429,NA,
3457898,NA,
3469560,NA,
3465609,NA,
3445495,NA,
3459283,NA,
5003465,NA,
3461711,NA,
3506995,NA,
6281471,NA,
3491935,NA,
3465155,NA,
3453374,NA,
3438808,NA,
5400919,NA,
3465128,NA,
3461221,NA,
3507095,NA,
3461619,NA,
3445521,NA,
3470153,NA,
3470191,NA,
3461642,NA,
6526263,NA,
3465274,NA,
3465367,NA,
3465346,NA,
6281499,NA,
3465007,NA,
3465129,NA,
3468999,NA,
3465118,NA,
5428273,NA,
5768459,NA,
3459264,NA,
5003411,NA,
3468963,NA,
6281497,NA,
3465106,NA,
3465014,NA,
3465006,NA,
3457955,NA,
3465378,NA,
3457783,NA,
3440385,NA,
3440376,NA,
3440350,NA,
3457859,NA,
5066127,NA,
5003427,NA,
5768438,NA,
6281523,NA,
3461110,NA,
3440399,NA,
3457919,NA,
3506949,NA,
3461083,NA,
3438298,NA,
3445506,NA,
3461086,NA,
3461625,NA,
3506920,NA,
3461567,NA,
4894751,NA,
3462259,NA,
3465409,NA,
3465016,NA,
3453365,NA,
5003451,NA,
3445490,NA,
3445519,NA,
3461610,NA,
3445478,NA,
3491997,NA,
3470185,NA,
3464990,NA,
5003416,NA,
3462185,NA,
3507090,NA,
5964488,NA,
3470164,NA,
5882256,NA,
3453279,NA,
3461590,NA,
3462238,NA,
3445134,NA,
3492065,NA,
3461224,NA,
3461684,NA,
3461264,NA,
6302874,NA,
3465122,NA,
4559784,NA,
5428334,NA,
3491926,NA,
3491945,NA,
3461237,NA,
3468967,NA,
3460945,NA,
3460944,NA,
6281506,NA,
5964498,NA,
3460941,NA,
3465144,NA,
3457879,NA,
3465334,NA,
6206618,NA,
6206656,NA,
5003453,NA,
6281521,NA,
3461691,NA,
3468955,NA,
3457778,NA,
4559772,NA,
4034130,NA,
3465288,NA,
3460894,NA,
3461007,NA,
5065928,NA,
3439288,NA,
3506911,NA,
3445252,NA,
5768447,NA,
3453292,NA,
3465011,NA,
5882251,NA,
3469524,NA,
3445254,NA,
3468951,NA,
3465404,NA,
5768437,NA,
3470182,NA,
3460998,NA,
3461616,NA,
3438313,NA,
3472675,NA,
3438809,NA,
3507007,NA,
3438797,NA,
3459292,NA,
3453321,NA,
3472698,NA,
3461612,NA,
3470217,NA,
5135045,NA,
3438271,NA,
3445234,NA,
3462220,NA,
5882250,NA,
3472735,NA,
3506992,NA,
3465636,NA,
3492015,NA,
3453359,NA,
3461662,NA,
3470193,NA,
3459306,NA,
3438334,NA,
6281467,NA,
3461212,NA,
4559789,NA,
3465267,NA,
4559788,NA,
3461660,NA,
5428283,NA,
3445245,NA,
3461654,NA,
3439309,NA,
3439364,NA,
3491899,NA,
5003415,NA,
6526186,NA,
3465142,NA,
3465386,NA,
4559773,NA,
3439294,NA,
3465651,NA,
6281496,NA,
3506916,NA,
3465650,NA,
3445532,NA,
3461256,NA,
3440390,NA,
3465411,NA,
5003422,NA,
3457900,NA,
3461105,NA,
4559770,NA,
3470158,NA,
3457948,NA,
3509015,NA,
3460962,NA,
3440375,NA,
3470159,NA,
3461006,NA,
3453311,NA,
3438818,NA,
3445511,NA,
3453340,NA,
3460980,NA,
3461254,NA,
4956502,NA,
5964486,NA,
5003428,NA,
3459288,NA,
3438283,NA,
3461011,NA,
3465141,NA,
3459293,NA,
3472682,NA,
3509012,NA,
3438807,NA,
3461638,NA,
3438319,NA,
3472704,NA,
3472678,NA,
3460961,NA,
3465335,NA,
3465396,NA,
6281478,NA,
3461701,NA,
3465028,NA,
5964497,NA,
5428297,NA,
3465398,NA,
6916363,NA,
3465348,NA,
3465395,NA,
3465320,NA,
3440331,NA,
3460943,NA,
3457953,NA,
3457940,NA,
3457894,NA,
3469536,NA,
3469541,NA,
3491894,NA,
6281488,NA,
3491862,NA,
5768427,NA,
3445249,NA,
3457909,NA,
3468958,NA,
6526224,NA,
3469552,NA,
3465385,NA,
3445475,NA,
3461106,NA,
3492049,NA,
3445514,NA,
3465610,NA,
3457899,NA,
5768457,NA,
6206654,NA,
3470190,NA,
3440351,NA,
3461685,NA,
3492051,NA,
3462227,NA,
3506945,NA,
3461102,NA,
5882240,NA,
3492010,NA,
5768450,NA,
5066135,NA,
3461693,NA,
3507031,NA,
3461005,NA,
3472685,NA,
3472673,NA,
7277623,NA,
3461675,NA,
3438245,NA,
3492070,NA,
3438243,NA,
3507021,NA,
3507067,NA,
3492031,NA,
3453353,NA,
3445151,NA,
3461597,NA,
3462260,NA,
3507068,NA,
3507091,NA,
3461550,NA,
3472649,NA,
3438805,NA,
5768463,NA,
5428292,NA,
3465336,NA,
6281473,NA,
3459266,NA,
3491853,NA,
5428284,NA,
3440349,NA,
3465308,NA,
3465116,NA,
3461688,NA,
3465394,NA,
5227604,NA,
6281520,NA,
5964495,NA,
3492014,NA,
3461219,NA,
3468943,NA,
3465614,NA,
3465030,NA,
3465301,NA,
5003435,NA,
5003462,NA,
4034136,NA,
3468945,NA,
3465637,NA,
3465113,NA,
3460901,NA,
5003418,NA,
3469501,NA,
3457946,NA,
3491849,NA,
3440393,NA,
3465377,NA,
3460981,NA,
3440389,NA,
3461115,NA,
3445133,NA,
3445537,NA,
3470184,NA,
3460939,NA,
3509010,NA,
3461094,NA,
3461574,NA,
5882279,NA,
3438789,NA,
3438261,NA,
3461010,NA,
3438254,NA,
3453277,NA,
3470148,NA,
3461687,NA,
6526258,NA,
5768453,NA,
3492000,NA,
3461553,NA,
3507008,NA,
3472641,NA,
5428313,NA,
5768462,NA,
3492033,NA,
3462213,NA,
3459268,NA,
3492073,NA,
3462196,NA,
3438310,NA,
6526222,NA,
3465352,NA,
6526238,NA,
3461659,NA,
3461595,NA,
3470221,NA,
3460958,NA,
4956504,NA,
3445512,NA,
3472645,NA,
3491994,NA,
3453366,NA,
3461077,NA,
3472686,NA,
3465391,NA,
3491848,NA,
3491888,NA,
3468964,NA,
5428330,NA,
3459272,NA,
5964519,NA,
3468973,NA,
3465341,NA,
3457903,NA,
6281514,NA,
3461707,NA,
3461205,NA,
3461679,NA,
3461694,NA,
3465392,NA,
3460892,NA,
3459282,NA,
3491917,NA,
3465372,NA,
5003413,NA,
3459274,NA,
3440374,NA,
4034127,NA,
3469511,NA,
3465387,NA,
5768452,NA,
3469517,NA,
3472699,NA,
3469437,NA,
3506921,NA,
3439330,NA,
3461078,NA,
3470154,NA,
3461108,NA,
6206643,NA,
3453346,NA,
3460908,NA,
5882241,NA,
3506930,NA,
3445145,NA,
4914324,NA,
5065926,NA,
6526221,NA,
5065931,NA,
3472695,NA,
3453360,NA,
3438314,NA,
3453302,NA,
3445525,NA,
3470152,NA,
3506939,NA,
3462184,NA,
5768426,NA,
3492075,NA,
3506988,NA,
3492005,NA,
3491998,NA,
3438302,NA,
5768439,NA,
3491990,NA,
3438321,NA,
4956498,NA,
3438323,NA,
3465117,NA,
6281452,NA,
3468982,NA,
3459267,NA,
3465613,NA,
3461657,NA,
3491867,NA,
3460900,NA,
3465617,NA,
6526203,NA,
5964494,NA,
5428305,NA,
3465119,NA,
3461700,NA,
3460913,NA,
3461656,NA,
3465325,NA,
3457867,NA,
3439297,NA,
3461689,NA,
5964505,NA,
6526259,NA,
4034132,NA,
3469000,NA,
6281495,NA,
3457916,NA,
3445230,NA,
5428332,NA,
3491868,NA,
3506899,NA,
3468946,NA,
3491875,NA,
4034133,NA,
3460994,NA,
3506935,NA,
3469510,NA,
3508985,NA,
3457933,NA,
3491980,NA,
3507077,NA,
3472687,NA,
5882272,NA,
3507002,NA,
5964462,NA,
3453327,NA,
6526233,NA,
3438280,NA,
3465159,NA,
3445142,NA,
3445528,NA,
3462212,NA,
5964478,NA,
3459276,NA,
5768443,NA,
3462211,NA,
3460984,NA,
3465353,NA,
3462229,NA,
3492030,NA,
3461665,NA,
3461626,NA,
3445491,NA,
3465158,NA,
3492019,NA,
3459317,NA,
3492063,NA,
5428287,NA,
3465272,NA,
3468991,NA,
3461247,NA,
3469003,NA,
6526243,NA,
6526278,NA,
3465338,NA,
3465110,NA,
3461666,NA,
3457904,NA,
3465012,NA,
3465111,NA,
3468970,NA,
6526266,NA,
6206613,NA,
3491942,NA,
3465147,NA,
3439308,NA,
3460905,NA,
5964479,NA,
3440380,NA,
6222986,NA,
3465655,NA,
6281535,NA,
3439357,NA,
3465619,NA,
3457882,NA,
5003434,NA,
3468988,NA,
3506910,NA,
3469558,NA,
4559781,NA,
3461098,NA,
3445520,NA,
3469473,NA,
4894756,NA,
3461112,NA,
3445223,NA,
6281522,NA,
3461558,NA,
6968522,NA,
3472639,NA,
3460972,NA,
4135582,NA,
3461605,NA,
3445139,NA,
3492066,NA,
3492012,NA,
3457767,NA,
3457737,NA,
3462210,NA,
5768464,NA,
3509011,NA,
3461581,NA,
5768435,NA,
5768433,NA,
3506970,NA,
3438279,NA,
3445492,NA,
3445541,NA,
3461633,NA,
3461578,NA,
3470186,NA,
7264209,NA,
3438788,NA,
3445497,NA,
3472644,NA,
3492074,NA,
3506989,NA,
5882277,NA,
3472652,NA,
3438816,NA,
3506982,NA,
3461214,NA,
3465399,NA,
6526200,NA,
3459295,NA,
3461703,NA,
3468944,NA,
3457745,NA,
5428316,NA,
3440334,NA,
3465008,NA,
3491851,NA,
3460912,NA,
3465269,NA,
3465282,NA,
3459304,NA,
3465632,NA,
3465356,NA,
6281510,NA,
5003414,NA,
6240689,NA,
3457742,NA,
3469443,NA,
3459310,NA,
6281489,NA,
3457927,NA,
4559782,NA,
3468947,NA,
3469476,NA,
4894748,NA,
3461678,NA,
4894745,NA,
3469465,NA,
6206648,NA,
3460917,NA,
3465042,NA,
3469492,NA,
4034117,NA,
3491882,NA,
3465319,NA,
3460920,NA,
4034123,NA,
3465607,NA,
3472705,NA,
3461122,NA,
3491996,NA,
5882262,NA,
3492017,NA,
3453337,NA,
3438327,NA,
3438240,NA,
3461705,NA,
3465002,NA,
3460977,NA,
3506898,NA,
3439362,NA,
3465410,NA,
3507120,NA,
3453305,NA,
3457952,NA,
5108648,NA,
3438284,NA,
3462224,NA,
3507005,NA,
5882264,NA,
6526236,NA,
3438276,NA,
5108647,NA,
3462226,NA,
3508989,NA,
6526257,NA,
3438331,NA,
3469528,NA,
3472681,NA,
3459314,NA,
3459319,NA,
3438269,NA,
5428298,NA,
3468980,NA,
3491940,NA,
3491850,NA,
3464994,NA,
3459271,NA,
3440363,NA,
3491907,NA,
3469562,NA,
4894742,NA,
3469496,NA,
3465658,NA,
3491860,NA,
3461211,NA,
3445505,NA,
3506922,NA,
3460978,NA,
3506918,NA,
3445250,NA,
3457863,NA,
3462191,NA,
3469512,NA,
3461101,NA,
3461631,NA,
3438782,NA,
3461551,NA,
3460969,NA,
6206649,NA,
3506944,NA,
3472721,NA,
4034122,NA,
3460985,NA,
3461238,NA,
4956495,NA,
3445147,NA,
3438266,NA,
6206604,NA,
3461636,NA,
3453364,NA,
6526198,NA,
3472692,NA,
3438792,NA,
3492055,NA,
3462233,NA,
3506996,NA,
3509006,NA,
3438249,NA,
3472658,NA,
3507089,NA,
3445510,NA,
3508993,NA,
6281494,NA,
5428320,NA,
6526205,NA,
3491861,NA,
6281455,NA,
3491914,NA,
3461651,NA,
3508996,NA,
6526214,NA,
3440382,NA,
3440387,NA,
6281484,NA,
3468960,NA,
3461236,NA,
6526207,NA,
5003433,NA,
3457738,NA,
3465019,NA,
6526189,NA,
5003438,NA,
6526250,NA,
5428299,NA,
3457897,NA,
3491938,NA,
3468996,NA,
3440337,NA,
3506909,NA,
3469549,NA,
3469485,NA,
3461092,NA,
3469436,NA,
3460946,NA,
3469548,NA,
3469526,NA,
3438402,NA,
3492059,NA,
3470200,NA,
4956500,NA,
3469521,NA,
3453338,NA,
3438340,NA,
3453352,NA,
3461575,NA,
3491900,NA,
6160332,NA,
3507010,NA,
3492035,NA,
3461608,NA,
3453284,NA,
3472733,NA,
5768431,NA,
3438247,NA,
3472655,NA,
5003431,NA,
3438281,NA,
3470178,NA,
3461620,NA,
3462262,NA,
3472653,NA,
3507009,NA,
3469531,NA,
3438241,NA,
3453289,NA,
4956503,NA,
3506975,NA,
3465003,NA,
3461239,NA,
3465401,NA,
6526232,NA,
3469002,NA,
3465043,NA,
6281502,NA,
3507041,NA,
3460954,NA,
3465146,NA,
3491871,NA,
3491944,NA,
3461680,NA,
6281516,NA,
6281457,NA,
3464982,NA,
5964463,NA,
3465633,NA,
3465040,NA,
6206640,NA,
5115826,NA,
3460906,NA,
3491943,NA,
3439358,NA,
5428276,NA,
4894759,NA,
3457923,NA,
3469498,NA,
3457945,NA,
3457849,NA,
3461113,NA,
3461087,NA,
3491859,NA,
3469435,NA,
3508983,NA,
6206608,NA,
5834338,NA,
3460973,NA,
3508979,NA,
3461577,NA,
3445150,NA,
3445247,NA,
3470151,NA,
3469513,NA,
3507014,NA,
3472696,NA,
3438784,NA,
3438347,NA,
3461223,NA,
5003424,NA,
3462250,NA,
3438345,NA,
3438273,NA,
3445508,NA,
3507079,NA,
3461124,NA,
5964475,NA,
6526196,NA,
3457732,NA,
3465275,NA,
5104486,NA,
3465373,NA,
5428333,NA,
3465107,NA,
3460887,NA,
3457786,NA,
3465638,NA,
5964508,NA,
3465625,NA,
5428312,NA,
3465130,NA,
3461695,NA,
3465013,NA,
6206664,NA,
5003467,NA,
3460907,NA,
3468989,NA,
3461126,NA,
3457905,NA,
3469525,NA,
3468962,NA,
5003420,NA,
4034124,NA,
3445251,NA,
3468979,NA,
3469547,NA,
3469477,NA,
4034121,NA,
3465322,NA,
3453370,NA,
3461629,NA,
3465291,NA,
3457913,NA,
3465635,NA,
3461603,NA,
3461119,NA,
3465640,NA,
3462194,NA,
3445493,NA,
3492067,NA,
3506940,NA,
3445516,NA,
3470192,NA,
3492038,NA,
3491992,NA,
3507073,NA,
3462246,NA,
3445523,NA,
5964515,NA,
6206651,NA,
4956497,NA,
3462253,NA,
5768449,NA,
3453361,NA,
3492028,NA,
3507059,NA,
3461557,NA,
3472638,NA,
3507030,NA,
6206638,NA,
3507036,NA,
3509013,NA,
3461001,NA,
3438248,NA,
3506984,NA,
3457735,NA,
3465331,NA,
3506993,NA,
3457753,NA,
3461231,NA,
3461258,NA,
3491905,NA,
3491908,NA,
5003468,NA,
6281483,NA,
5428259,NA,
3460929,NA,
6281503,NA,
3465031,NA,
3461630,NA,
3460884,NA,
3440395,NA,
3439326,NA,
3461230,NA,
3440359,NA,
3465281,NA,
6206633,NA,
3460891,NA,
3457861,NA,
3465600,NA,
3440392,NA,
3461244,NA,
3460932,NA,
3440384,NA,
3445225,NA,
3469005,NA,
6206637,NA,
3469530,NA,
3469461,NA,
3491927,NA,
6206661,NA,
3461568,NA,
3462200,NA,
5768440,NA,
3459302,NA,
3461556,NA,
6526268,NA,
3472662,NA,
3461617,NA,
3438262,NA,
3461560,NA,
3507001,NA,
3508987,NA,
3438339,NA,
3492041,NA,
3438303,NA,
3453298,NA,
3507113,NA,
3457762,NA,
3461569,NA,
3509000,NA,
3506948,NA,
7047474,NA,
3462206,NA,
3507027,NA,
3472672,NA,
3461240,NA,
3465270,NA,
5882274,NA,
6526262,NA,
6302865,NA,
3468975,NA,
5066122,NA,
3465299,NA,
3460940,NA,
3468952,NA,
5428300,NA,
5003417,NA,
3440355,NA,
3460903,NA,
3460930,NA,
6526240,NA,
3457733,NA,
6526251,NA,
3461704,NA,
5003471,NA,
3465654,NA,
3457893,NA,
3465601,NA,
3457937,NA,
3461202,NA,
6281475,NA,
3460937,NA,
6526204,NA,
3460889,NA,
6551421,NA,
3445509,NA,
5066106,NA,
3506987,NA,
3491989,NA,
3440360,NA,
3506931,NA,
3461632,NA,
3461643,NA,
3461204,NA,
3438802,NA,
3472728,NA,
3461672,NA,
3461607,NA,
3445540,NA,
6526252,NA,
3506997,NA,
5003476,NA,
3438275,NA,
3453326,NA,
3472722,NA,
3492040,NA,
3438819,NA,
3462193,NA,
3461644,NA,
3465366,NA,
5003459,NA,
5964500,NA,
6526235,NA,
5964512,NA,
3465018,NA,
5428280,NA,
3440370,NA,
3491855,NA,
5003463,NA,
6526192,NA,
3457857,NA,
3465326,NA,
5003466,NA,
6281493,NA,
3445248,NA,
6206617,NA,
3440357,NA,
3445501,NA,
3461116,NA,
3461127,NA,
3470212,NA,
3461592,NA,
3492056,NA,
3492011,NA,
3469456,NA,
3457748,NA,
6206629,NA,
3460989,NA,
3438299,NA,
5882248,NA,
3453349,NA,
3472680,NA,
3461570,NA,
3438320,NA,
3453278,NA,
3453301,NA,
3470175,NA,
6206657,NA,
5882244,NA,
3472694,NA,
3461585,NA,
3506938,NA,
3492013,NA,
3453286,NA,
3453335,NA,
3460970,NA,
3472637,NA,
3438786,NA,
3438336,NA,
3461243,NA,
3460952,NA,
3461663,NA,
5003439,NA,
3459275,NA,
3465344,NA,
6526193,NA,
3464986,NA,
3460915,NA,
3464991,NA,
3457757,NA,
3491939,NA,
4894760,NA,
3468976,NA,
6302879,NA,
6206612,NA,
3445241,NA,
3465388,NA,
5571281,NA,
3469537,NA,
6281492,NA,
3465266,NA,
3507066,NA,
5768455,NA,
3508998,NA,
3453320,NA,
3462197,NA,
5003470,NA,
3491982,NA,
3438300,NA,
3492043,NA,
3460999,NA,
3462177,NA,
3492008,NA,
3457744,NA,
3507043,NA,
3445137,NA,
3453316,NA,
3461623,NA,
3438343,NA,
3459320,NA,
3438311,NA,
3460979,NA,
3507072,NA,
3438332,NA,
3491857,NA,
3472724,NA,
6526216,NA,
6281534,NA,
3506943,NA,
6281515,NA,
3468959,NA,
3462263,NA,
3461213,NA,
3465315,NA,
3465616,NA,
6526197,NA,
3459284,NA,
3465647,NA,
3465382,NA,
5964471,NA,
3457906,NA,
3440396,NA,
3465140,NA,
3465302,NA,
6526183,NA,
6526271,NA,
3491877,NA,
3491903,NA,
3465653,NA,
3457920,NA,
3457891,NA,
6526228,NA,
3491912,NA,
3457934,NA,
4034131,NA,
4034116,NA,
3491889,NA,
3445538,NA,
3460933,NA,
3445476,NA,
3492029,NA,
3469539,NA,
3470209,NA,
3461549,NA,
5882243,NA,
5882280,NA,
3438263,NA,
3445143,NA,
3461572,NA,
3492039,NA,
3461713,NA,
3508999,NA,
3506983,NA,
3438806,NA,
3438268,NA,
3506977,NA,
3491979,NA,
3492018,NA,
3453345,NA,
3457756,NA,
3465402,NA,
3461586,NA,
3461676,NA,
3491876,NA,
6302875,NA,
3507016,NA,
4559777,NA,
3439293,NA,
5003449,NA,
3491902,NA,
3440391,NA,
3461609,NA,
5003423,NA,
3457746,NA,
6526234,NA,
3457851,NA,
6206630,NA,
6526277,NA,
3457912,NA,
3439325,NA,
3457896,NA,
3459265,NA,
3457887,NA,
3491898,NA,
3508986,NA,
3460949,NA,
3445222,NA,
3461093,NA,
3461081,NA,
3465347,NA,
3445242,NA,
3491878,NA,
3470183,NA,
3461120,NA,
3507092,NA,
3445138,NA,
3492046,NA,
3507050,NA,
3507047,NA,
3492023,NA,
3461674,NA,
3462252,NA,
3457734,NA,
3492007,NA,
3491984,NA,
3491993,NA,
3462236,NA,
3438342,NA,
3453290,NA,
3453369,NA,
3472730,NA,
3461652,NA,
6526212,NA,
3457924,NA,
3459263,NA,
5066123,NA,
3491887,NA,
5428279,NA,
3459260,NA,
6281513,NA,
3440346,NA,
3491901,NA,
3469438,NA,
3465136,NA,
3457877,NA,
4034115,NA,
3440368,NA,
6302866,NA,
3506912,NA,
3457850,NA,
3461099,NA,
3491930,NA,
3461080,NA,
3470169,NA,
4894750,NA,
3461012,NA,
3445535,NA,
3469557,NA,
3508990,NA,
3462204,NA,
6206621,NA,
6526225,NA,
3506932,NA,
3438244,NA,
3492060,NA,
3438803,NA,
3491986,NA,
3439291,NA,
3470167,NA,
5882263,NA,
3508992,NA,
3438338,NA,
3465112,NA,
3460956,NA,
6526269,NA,
3457765,NA,
3468974,NA,
3460893,NA,
6206639,NA,
3459290,NA,
3468997,NA,
3457931,NA,
3469441,NA,
3469482,NA,
3461624,NA,
3445149,NA,
3472640,NA,
3445140,NA,
3472714,NA,
6526260,NA,
3506937,NA,
5768460,NA,
3506999,NA,
3472715,NA,
3462258,NA,
3438798,NA,
3453300,NA,
3439351,NA,
3438801,NA,
3461562,NA,
3453322,NA,
3462255,NA,
3492050,NA,
6526182,NA,
3438253,NA,
3438312,NA,
5428304,NA,
3461259,NA,
3457869,NA,
4559776,NA,
3459291,NA,
3440342,NA,
6281533,NA,
6206652,NA,
5732840,NA,
3462223,NA,
3464989,NA,
3445536,NA,
3461637,NA,
3453318,NA,
3462222,NA,
5066115,NA,
3491995,NA,
3492042,NA,
5066126,NA,
3453347,NA,
3507035,NA,
3453334,NA,
3472711,NA,
3507025,NA,
3492020,NA,
3472720,NA,
3506972,NA,
3461579,NA,
3491987,NA,
6281527,NA,
5882265,NA,
6302871,NA,
3457875,NA,
3469508,NA,
3457886,NA,
3438318,NA,
3465656,NA,
3457901,NA,
3460881,NA,
3457917,NA,
6281490,NA,
3468987,NA,
3457951,NA,
3491885,NA,
6206641,NA,
3469480,NA,
3470211,NA,
6206659,NA,
6206623,NA,
5428289,NA,
5882270,NA,
5768466,NA,
6206645,NA,
3438779,NA,
3438356,NA,
3453355,NA,
3439300,NA,
3492057,NA,
3507034,NA,
5882267,NA,
3465114,NA,
3468968,NA,
3465328,NA,
3457864,NA,
3491890,NA,
3460953,NA,
3453343,NA,
3457871,NA,
3465383,NA,
3465629,NA,
6302877,NA,
3465133,NA,
3440394,NA,
3491886,NA,
5066125,NA,
6206636,NA,
3465361,NA,
3491852,NA,
3460926,NA,
3469440,NA,
3469459,NA,
3506913,NA,
3509003,NA,
3470206,NA,
3506934,NA,
5066133,NA,
3508988,NA,
3438307,NA,
3507075,NA,
3506978,NA,
3461584,NA,
3461582,NA,
3453350,NA,
3453299,NA,
6302873,NA,
3457777,NA,
3459294,NA,
3439352,NA,
6302870,NA,
6526230,NA,
5964492,NA,
3469489,NA,
6206628,NA,
3460898,NA,
3457942,NA,
3465287,NA,
6281453,NA,
6281505,NA,
5428307,NA,
3457918,NA,
6526223,NA,
3469551,NA,
3439339,NA,
3464981,NA,
3469486,NA,
3457954,NA,
3470188,NA,
3472671,NA,
3470216,NA,
3470207,NA,
3461587,NA,
6206596,NA,
6526194,NA,
3453362,NA,
3472697,NA,
3507003,NA,
3453281,NA,
3472713,NA,
3445489,NA,
3491988,NA,
3438287,NA,
3492037,NA,
3453339,NA,
6526210,NA,
6219868,NA,
6526255,NA,
3461708,NA,
3465001,NA,
6526254,NA,
6281508,NA,
3491936,NA,
3465408,NA,
5428272,NA,
3440367,NA,
4894749,NA,
3445226,NA,
3469556,NA,
3472659,NA,
3470213,NA,
3457926,NA,
3461085,NA,
3472642,NA,
4034119,NA,
3492004,NA,
6206634,NA,
3460967,NA,
4034128,NA,
3506947,NA,
3508995,NA,
3465403,NA,
3465371,NA,
3457890,NA,
3464996,NA,
5115828,NA,
6281531,NA,
3491892,NA,
5003456,NA,
4034129,NA,
3445240,NA,
3469481,NA,
6526264,NA,
3440383,NA,
3453375,NA,
3472660,NA,
3507057,NA,
3492024,NA,
3472666,NA,
3453336,NA,
3506969,NA,
3445231,NA,
3470210,NA,
3469540,NA,
6526256,NA,
3438355,NA,
3507110,NA,
3461641,NA,
5066134,NA,
3438361,NA,
3457956,NA,
5428311,NA,
3457852,NA,
3465138,NA,
3457862,NA,
3457761,NA,
6206615,NA,
3491883,NA,
3491865,NA,
3438363,NA,
5768454,NA,
4135581,NA,
5108646,NA,
3453310,NA,
3445500,NA,
3438296,NA,
3457781,NA,
3453317,NA,
3453307,NA,
3507070,NA,
3438799,NA,
3453294,NA,
3470187,NA,
3465332,NA,
3461220,NA,
3492025,NA,
3507060,NA,
6526273,NA,
6526241,NA,
3465162,NA,
3460936,NA,
3472710,NA,
6206642,NA,
3457763,NA,
6206624,NA,
5066112,NA,
3465289,NA,
3453313,NA,
3453275,NA,
3438344,NA,
3461261,NA,
3461241,NA,
3506933,NA,
3438317,NA,
3461589,NA,
5108591,NA,
3468995,NA,
6526265,NA,
3472718,NA,
6281491,NA,
6206622,NA,
6206601,NA,
5003412,NA,
3457921,NA,
3465143,NA,
3439301,NA,
6206614,NA,
3453283,NA,
7557919,NA,
3491891,NA,
3453324,NA,
3507114,NA,
3438325,NA,
5003437,NA,
6281512,NA,
3492045,NA,
3457759,NA,
3491934,NA,
3438239,NA,
3453280,NA,
3438289,NA,
3461225,NA,
3457858,NA,
3460938,NA,
3460955,NA,
3469546,NA,
3461563,NA,
3507076,NA,
3461571,NA,
3470202,NA,
3491895,NA,
5066116,NA,
3438825,NA,
3507088,NA,
3472677,NA,
3465362,NA,
6526276,NA,
3457772,NA,
5066120,NA,
3457914,NA,
3508994,NA,
3461229,NA,
3491884,NA,
3469550,NA,
3470156,NA,
6206646,NA,
3457908,NA,
3508984,NA,
3453344,NA,
5066136,NA,
3813031,NA,
3461645,NA,
3438362,NA,
3492003,NA,
6281498,NA,
6281529,NA,
3491873,NA,
5066132,NA,
3457739,NA,
3438787,NA,
3439316,NA,
3461218,NA,
3459303,NA,
3465639,NA,
3457755,NA,
3465309,NA,
3460888,NA,
3460924,NA,
3457939,NA,
6206627,NA,
6302867,NA,
6281461,NA,
3508982,NA,
3438354,NA,
3445477,NA,
3506942,NA,
3472734,NA,
3453319,NA,
6206662,NA,
3470204,NA,
3461009,NA,
3472647,NA,
3457848,NA,
6302869,NA,
3453303,NA,
3472708,NA,
3457854,NA,
6206631,NA,
3509001,NA,
3491880,NA,
3507096,NA,
6206607,NA,
4556206,NA,
3445531,NA,
3492048,NA,
6206635,NA,
6526206,NA,
3453291,NA,
3507040,NA,
3461583,NA,
5882255,NA,
6526245,NA,
3472723,NA,
3445518,NA,
5066130,NA,
3453315,NA,
3461201,NA,
3457957,NA,
6526217,NA,
3453328,NA,
3470174,NA,
3453282,NA,
3438252,NA,
3492062,NA,
3506946,NA,
3438316,NA,
6302863,NA,
3457741,NA,
6281532,NA,
3453314,NA,
3465135,NA,
3506964,NA,
4894761,NA,
6206619,NA,
6281474,NA,
3469500,NA,
3469520,NA,
3457944,NA,
3457881,NA,
3507069,NA,
3438250,NA,
3492053,NA,
6206616,NA,
3492021,NA,
3472651,NA,
3462235,NA,
3453351,NA,
3491856,NA,
3491925,NA,
3457769,NA,
6206599,NA,
3439322,NA,
3440341,NA,
3491933,NA,
3457860,NA,
5882246,NA,
3459311,NA,
5066121,NA,
3438360,NA,
5882249,NA,
3438828,NA,
3457883,NA,
6206632,NA,
3457868,NA,
3470208,NA,
3457932,NA,
3465660,NA,
3457750,NA,
3491999,NA,
5066131,NA,
3492034,NA,
3438358,NA,
3459297,NA,
3445530,NA,
3491904,NA,
3460951,NA,
3491869,NA,
3457938,NA,
5003425,NA,
3468956,NA,
6206602,NA,
3491983,NA,
3453276,NA,
3445534,NA,
3457782,NA,
3491981,NA,
3461622,NA,
3492016,NA,
3491991,NA,
3465321,NA,
3457943,NA,
3439360,NA,
3453330,NA,
3509009,NA,
6281524,NA,
5003442,NA,
3457930,NA,
3440340,NA,
3460897,NA,
3440372,NA,
4034125,NA,
6302876,NA,
4034137,NA,
4034126,NA,
3462261,NA,
3507033,NA,
3453342,NA,
3506986,NA,
3457856,NA,
3457780,NA,
3509002,NA,
3472706,NA,
3472737,NA,
6206610,NA,
3472648,NA,
3472676,NA,
5964522,NA,
3459296,NA,
3491928,NA,
3457872,NA,
6206597,NA,
3445503,NA,
3457773,NA,
3470205,NA,
5066129,NA,
3470219,NA,
3457740,NA,
3492069,NA,
3507080,NA,
6526261,NA,
3457865,NA,
6281525,NA,
3460922,NA,
4894747,NA,
3461129,NA,
3453333,NA,
3492006,NA,
7672697,NA,
3472712,NA,
3457775,NA,
3509014,NA,
3460904,NA,
3468998,NA,
3469001,NA,
3491921,NA,
3491854,NA,
3439320,NA,
3460882,NA,
3453308,NA,
6206600,NA,
6206605,NA,
3460880,NA,
3457766,NA,
4034114,NA,
5066128,NA,
3491929,NA,
3491918,NA,
3439331,NA,
3457922,NA,
4034118,NA,
3461554,NA,
3438822,NA,
3470201,NA,
3457950,NA,
3491896,NA,
3460950,NA,
3491922,NA,
3438305,NA,
3462216,NA,
3507051,NA,
3472727,NA,
6281482,NA,
3459307,NA,
3462234,NA,
3470199,NA,
3472684,NA,
3457768,NA,
6206620,NA,
3440358,NA,
6206598,NA,
6206595,NA,
3457760,NA,
3470150,NA,
3470214,NA,
3507056,NA,
3457774,NA,
3472726,NA,
3472719,NA,
3507048,NA,
6526253,NA,
5066114,NA,
3491985,NA,
3506980,NA,
3438359,NA,
3472663,NA,
6281530,NA,
3457776,NA,
3472732,NA,
3457779,NA,
3457752,NA,
3457941,NA,
4133876,NA,
3470163,NA,
3438350,NA,
3472709,NA,
3461640,NA,
3457866,NA,
3457749,NA,
3472707,NA,
3472717,NA,
6526275,NA,
3461084,NA,
3491932,NA,
3509005,NA,
3472661,NA,
3457884,NA,
3507074,NA,
6526274,NA,
3438297,NA,
3461698,NA,
4956297,NA,
3470197,NA,
3472683,NA,
6526270,NA,
3460914,NA,
6206603,NA,
3470215,NA,
3457743,NA,
3472725,NA,
3453309,NA,
3453332,NA,
3453297,NA,
3472716,NA,
3491941,NA,
3470203,NA,
3453341,NA,
3491923,NA,
3440348,NA,
5066119,NA,
3438812,NA,
3472731,NA,
6206611,NA,
5066117,NA,
3453287,NA,
3508980,NA,
3457911,NA,
4033717,NA,
3457771,NA,
3470198,NA,
3491919,NA,
3438352,NA,
3457910,NA,
3453331,NA,
3453288,NA,
3453323,NA,
6281528,NA,
3453296,NA,
3453312,NA,
3457770,NA,
3453306,NA,
3453285,NA,
3491920,NA,
3472729,NA,
3453295,NA,
