PCID,TCGID,
956908,87966,
5952843,523604,
958349,94236,
6345650,NA,
7599242,NA,
959828,118846,
957018,89246,
957115,87886,
959849,118847,
5287607,497455,
5287627,497478,
5953196,523773,
5952987,523830,
958295,94670,
6550842,NA,
805884,83626,
958367,94514,
5287293,497415,
889069,89475,
959822,118840,
5608360,NA,
5287377,497502,
6277133,NA,
958416,94677,
4916989,NA,
5287588,497433,
806004,87306,
956959,88121,
5385835,NA,
806037,NA,
5952922,523750,
6277004,534447,
959827,118815,
6715205,NA,
957460,86213,
5861341,NA,
5953172,523735,
958594,96035,
806079,89284,
4653864,126304,
958747,96037,
957342,87662,
5287472,497555,
5953232,523826,
5287606,497454,
5571362,NA,
5287399,497525,
6276940,534167,
5953129,523633,
6277074,534662,
6277006,534449,
959839,118856,
5952882,523653,
958240,94505,
5953011,523854,
957489,89215,
806005,87435,
956991,86470,
889689,90705,
7667685,NA,
958265,94640,
5287641,497493,
5287589,497434,
5952970,523809,
957374,88314,
956834,90266,
806013,87572,
5953148,523656,
5287586,497431,
6657678,NA,
805899,84000,
5952832,512813,
5952993,523836,
6277174,534152,
5953247,523843,
957063,88953,
957381,84450,
6276951,534178,
957232,87177,
958246,94511,
6276944,535993,
7556189,NA,
958340,94160,
957400,86334,
958242,94507,
5287402,497528,
5953104,523946,
6277089,534730,
957470,86036,
5952979,523822,
5953114,523609,
806044,88371,
958383,94644,
958465,95892,
956820,86589,
5952935,523767,
6076507,118836,
5287471,497554,
5953218,523804,
5287741,497563,
959844,118822,
957060,85363,
957013,88460,
958700,95985,
5287325,497447,
5953163,523698,
805929,NA,
889818,84113,
957194,89017,
5287716,497583,
956956,86046,
805915,84412,
958404,94665,
5953240,523834,
6276965,534194,
958361,94508,
957151,89510,
805920,84494,
958516,95957,
957008,86883,
959846,118843,
889701,89031,
958359,94505,
956871,89431,
956935,88574,
958540,95981,
957434,84110,
958726,96016,
958369,94627,
5287647,497504,
889730,89656,
889062,85968,
956882,88985,
5953225,523813,
5287319,497442,
7322444,NA,
6276999,534442,
956841,87087,
2514092,NA,
5287676,497535,
5952890,523663,
956946,87191,
805970,86277,
5953073,523915,
2245029,NA,
5287295,497417,
5287338,497460,
957028,84855,
806033,88188,
5287634,497485,
5287448,497577,
6276982,534425,
5287372,497496,
958380,94641,
5287435,497661,
958394,94655,
5952844,523605,
5953076,523918,
957330,84110,
958544,95985,
5952865,523636,
956870,86929,
958211,94151,
957257,88623,
7667552,NA,
5287694,497645,
958396,94657,
958327,94145,
956996,90069,
956972,84526,
958585,96026,
958461,95887,
956999,85179,
6277190,534173,
5952916,523744,
958366,94513,
6277196,534180,
5953257,523853,
958229,94169,
957392,90136,
959848,118811,
6277228,534433,
957484,88210,
957108,90678,
957123,86539,
5953220,523806,
958721,96011,
957238,89373,
886664,89108,
957226,87343,
5953133,523639,
5287570,497413,
5287523,497640,
6654118,NA,
6276981,534424,
5953010,523853,
957073,86193,
5287359,497481,
957429,85574,
5983025,523649,
5953151,523661,
806063,89087,
958341,94161,
7470053,NA,
958660,95940,
805992,86837,
956817,87944,
6276949,534176,
6276935,534158,
958253,94628,
956825,88121,
958342,94162,
957424,88700,
957126,87971,
958337,94155,
5287528,497647,
956948,83533,
956847,88840,
805986,86732,
5287463,497546,
5952973,523814,
5287438,497566,
5287378,497504,
6277124,535201,
957218,87748,
959831,118819,
5953137,523643,
806092,89971,
958299,94674,
806058,88698,
958499,95939,
5953002,523845,
957145,86175,
5952961,523799,
956836,85566,
957465,83702,
6277080,534685,
958395,94656,
6276983,534426,
957214,87721,
5952946,523780,
889679,86607,
956848,86358,
957436,90097,
5985637,523618,
805950,85603,
956876,89916,
956989,90566,
957468,83672,
5952912,523735,
957387,88597,
889826,87283,
958600,96041,
5952904,523702,
959819,118798,
5952944,523778,
956851,90778,
6276927,534143,
5953140,523646,
5287675,497534,
5953265,523861,
957320,88700,
6249754,NA,
957090,84312,
805889,83759,
5287692,497638,
6021783,NA,
5287373,497498,
5608355,NA,
5287441,497570,
957261,86175,
958297,94672,
958236,94501,
889860,87633,
956819,86812,
5287430,497648,
5952840,523585,
5952888,523661,
5287358,497480,
6277240,534446,
5953045,523888,
6277079,534683,
5287657,497515,
7640356,NA,
956869,84880,
5287668,497526,
956864,85619,
958701,95986,
958515,95956,
958630,95893,
889845,85224,
805902,84076,
957331,84995,
956941,84265,
958233,94238,
958514,95955,
6276966,534197,
6277143,534731,
5571365,NA,
5952959,523796,
958273,94648,
956811,83533,
805936,85011,
958670,95951,
6277007,534451,
957275,88156,
5953017,523860,
957339,87333,
957243,87970,
5952948,523783,
5287478,497562,
889799,84079,
889848,85897,
5287576,497420,
956863,90069,
958294,94669,
957125,87970,
957276,83793,
6276932,534154,
5953236,523830,
5287487,497601,
5287470,497553,
6276960,534187,
5952901,523698,
5287341,497463,
5287469,497552,
957046,84391,
889788,87106,
6276979,534422,
806015,87624,
958221,94161,
5287337,497459,
6975907,NA,
957093,89907,
6277211,534210,
958648,95922,
5977828,NA,
958553,95994,
959854,118814,
5952898,523674,
5287335,497457,
5953103,523945,
957168,89982,
958352,94239,
6277176,534154,
956918,85332,
956899,89937,
957458,83611,
6277182,534165,
4893284,NA,
805995,86878,
957017,88980,
805901,84076,
889704,90336,
957462,86585,
958247,94512,
2244985,NA,
5287656,497514,
5287693,497643,
5287391,497517,
6277172,534149,
6277119,535185,
5952967,523806,
957357,86234,
5287622,497471,
958370,94628,
5092046,NA,
5287290,496905,
957249,90782,
958509,95950,
957354,88940,
956907,87965,
889798,83560,
956808,86688,
956958,89706,
889808,87824,
5287632,497483,
5952864,523634,
5953230,523824,
6276995,534438,
5952883,523654,
805977,86533,
6277179,534158,
6277115,535163,
5287482,497567,
5287369,497491,
5287363,497485,
958326,94144,
5287294,497416,
5953185,523757,
956978,87120,
5953165,523700,
957474,88329,
958712,96000,
5952950,523786,
959841,118841,
805994,86878,
5287646,497502,
957052,89849,
805930,84824,
889063,84228,
957019,86484,
889750,88813,
957447,89422,
957036,89270,
957186,84082,
958375,94636,
889859,87361,
957031,89945,
957119,89373,
958746,96036,
957431,89407,
957044,83823,
957012,84420,
957061,90043,
6276998,534441,
6277147,NA,
5287643,497498,
5952924,523752,
5953202,523783,
5952847,523608,
958334,94152,
5287544,497670,
5952866,523637,
5287312,497434,
5287596,498857,
957319,86624,
5287446,497575,
5953167,523705,
5287381,497507,
5952929,523758,
5287437,497561,
5953255,523851,
5287450,497579,
957051,88158,
5287532,497653,
957109,90679,
806007,87448,
957492,88157,
957059,85350,
957472,86424,
958397,94658,
958656,95931,
958257,94632,
956821,86046,
958634,95898,
958662,95942,
6276961,534188,
957409,87250,
5287401,497527,
6389011,NA,
5953077,523919,
5287690,497632,
958374,94634,
5953149,523657,
5287620,497469,
956938,89988,
5287724,497545,
958355,94502,
958324,94142,
6573160,NA,
5287525,497642,
957150,89518,
805911,84288,
958679,95962,
889832,89199,
958688,95971,
889687,89085,
5953012,523855,
958249,94514,
806082,89299,
958413,94674,
956947,85540,
958219,94159,
5953147,523654,
5287340,497462,
6276945,534171,
5287365,497487,
5287720,497588,
5953139,523645,
5953221,523807,
6277101,535110,
889781,85634,
806087,89658,
957055,88005,
889699,87377,
805921,84557,
5953213,523796,
889861,84541,
957027,84866,
886651,84803,
958237,94502,
956981,86358,
956966,87149,
889061,84212,
805974,86528,
957445,87662,
805982,86713,
956988,86501,
6390597,NA,
6277203,534187,
957306,84455,
957252,87265,
958279,94654,
5287421,497593,
5953055,523897,
956976,87111,
957242,86546,
957315,90405,
957394,85595,
957178,86416,
5287415,497542,
958414,94675,
5287597,497443,
805941,85141,
956971,86308,
889729,89447,
956845,87119,
958520,95961,
957128,83849,
958731,96063,
958506,95947,
956850,90777,
959857,118857,
889869,87200,
5768419,NA,
889073,88339,
5287515,497629,
6277113,535155,
5287677,497536,
6276954,534181,
5287571,497414,
5952972,523813,
5287390,497516,
5952977,523818,
805913,84395,
5287488,497602,
957439,84963,
958224,94164,
889793,88017,
806052,88547,
958268,94643,
958734,96024,
5952949,523784,
889707,83696,
958736,96026,
886650,84101,
956801,89988,
957347,85834,
7638573,NA,
958392,94653,
958459,95886,
805980,86711,
5287436,497662,
959833,118821,
5287740,497562,
6836321,NA,
5287653,497511,
6277040,534512,
5953190,523765,
5952931,523762,
5287383,497509,
957203,90267,
957351,86969,
5953120,523616,
5952936,523768,
957147,87467,
806088,89765,
805904,84081,
805933,85003,
5287674,497533,
5287422,497594,
958742,96032,
5952925,523753,
957258,88608,
957362,86333,
958305,94681,
957148,86432,
956867,85180,
805917,84460,
5952857,523619,
957416,83461,
957205,84515,
958300,94675,
5953156,523666,
957217,87730,
5287328,497450,
957340,83676,
6345545,NA,
5287303,497425,
958317,94135,
5287603,497450,
2244998,NA,
5953132,523638,
5953252,523848,
5953098,523940,
957099,87748,
5953250,523846,
956881,86728,
889813,90369,
5952836,512831,
957070,86590,
958699,95982,
5287575,497419,
805954,NA,
886658,85734,
5953038,523881,
806009,87509,
957473,88314,
806055,88563,
957228,90679,
958479,95906,
5952839,523584,
957415,89148,
957427,89404,
5287566,497699,
958346,94166,
5287581,497425,
5427069,NA,
956878,84420,
889671,84453,
958272,94647,
5287323,497445,
889741,85897,
805984,86722,
957142,88608,
5952990,523833,
957038,90498,
889066,87376,
958325,94143,
889851,88383,
5952837,512828,
6277005,534448,
5287360,497482,
5287600,497446,
958239,94504,
5287518,497633,
957015,86728,
5287695,497648,
958329,94147,
5978907,523725,
5287380,497506,
5953153,523663,
805886,83723,
956962,86821,
5953066,523908,
956895,84349,
5287375,497500,
806061,88756,
889853,89203,
958612,96053,
958196,94136,
958336,94154,
805890,83759,
6276917,528080,
958271,94646,
956832,87149,
957382,85231,
958316,94134,
958573,96014,
957328,83442,
805997,86900,
6277183,534166,
6276915,NA,
5953197,523774,
5287702,497561,
5952853,523615,
5287616,497465,
805966,86164,
958263,94638,
5287329,497451,
956806,89092,
958288,94663,
805925,84804,
5953122,523618,
4916977,NA,
958494,95929,
956807,89668,
958323,94141,
957177,90547,
6276926,534142,
958661,95941,
958208,94148,
805993,86837,
958487,95922,
5953039,523882,
5287661,497519,
958556,95997,
5952969,523808,
806029,88149,
959843,118818,
957326,88691,
889075,88385,
957132,86244,
805973,86468,
889680,87106,
958538,95979,
957401,84809,
5287307,497429,
958350,94237,
5953052,523895,
958675,95958,
805945,89805,
6610725,89805,
5287304,89805,
6179525,89805,
5441925,89805,
5287310,89805,
5287700,89805,
5287357,89805,
5287599,89805,
5287553,89805,
5287732,89805,
5287491,89805,
5953143,89805,
6277199,534183,
5952845,523606,
5287572,497415,
5287386,497512,
889858,84688,
957455,86970,
958743,96033,
5287327,497449,
957270,85694,
957407,88598,
958365,94512,
5953040,523883,
956994,90067,
957451,85838,
805898,83991,
956970,85566,
5953004,523847,
959829,118848,
805909,84176,
806032,88188,
806035,89807,
5287343,497465,
956964,84117,
889070,90439,
958739,96029,
957253,84939,
957440,84951,
6276959,534186,
958368,94515,
5953160,523674,
7437050,NA,
7047798,NA,
5287476,NA,
6276955,NA,
5287549,NA,
5287454,NA,
6277236,NA,
5287651,NA,
5952873,NA,
5952988,NA,
5952971,NA,
5953155,NA,
5953242,NA,
5953054,NA,
5952995,NA,
5287457,NA,
5952994,NA,
5952899,NA,
5953057,NA,
6277169,NA,
6277180,NA,
6277027,NA,
6277064,NA,
5287395,NA,
7322448,NA,
5287530,NA,
6610724,NA,
7322438,NA,
5287678,NA,
5287636,NA,
5953204,NA,
5953199,NA,
5287583,NA,
5287681,NA,
6277165,NA,
6277078,NA,
5952914,NA,
5287713,NA,
6277150,NA,
5287492,NA,
5953244,NA,
6277053,NA,
6277214,NA,
5287409,NA,
6276970,NA,
6277208,NA,
5953111,NA,
5287493,NA,
5983536,NA,
7322439,NA,
6277097,NA,
5287543,NA,
5287447,NA,
5287665,NA,
5287562,NA,
5287394,NA,
5287593,NA,
6277209,NA,
6277067,NA,
5287400,NA,
5287311,NA,
5287288,NA,
5287623,NA,
5287585,NA,
5287592,497437,
958202,94142,
5953041,523884,
958255,94630,
5952989,523832,
958400,94662,
956915,84389,
956839,83754,
957181,85350,
6277245,534452,
5952941,523773,
957114,88366,
4895159,NA,
958588,96029,
958241,94506,
957047,85312,
957422,83898,
957159,89848,
889850,88010,
5952992,523835,
889724,89042,
958488,95923,
958201,94141,
957446,89208,
957432,83442,
957314,86631,
958267,94642,
956924,88155,
956903,86845,
957369,83672,
5953231,523825,
5953134,523640,
5287318,497440,
5952928,523757,
806110,90707,
6021782,NA,
5287349,497471,
6276972,NA,
5287731,497552,
5287353,497475,
6277198,534182,
5287671,497529,
957095,87721,
957268,85510,
956852,85798,
958616,96057,
805971,86277,
886660,85736,
957336,84963,
958200,94140,
5287459,497591,
956849,85613,
5287639,497491,
957020,86477,
958706,95994,
959838,118824,
958596,96037,
889731,89959,
806043,89806,
957372,84980,
958319,94137,
805897,83991,
806003,87306,
956917,85312,
956868,83780,
958205,94145,
957229,84387,
806022,87833,
957113,87177,
5952893,523666,
806102,90442,
5953015,523858,
6277161,NA,
5287648,497505,
805976,86533,
5953142,523649,
957120,90535,
958218,94158,
889078,85460,
2418321,NA,
5953217,523803,
4565759,NA,
805879,83517,
886662,89107,
6277222,534425,
956963,86901,
6249705,NA,
956990,88565,
805907,84122,
5952951,523787,
5953007,523850,
886652,84802,
806091,89961,
956909,90498,
5287698,497659,
957215,87739,
957264,86432,
957240,88916,
5287354,497476,
957016,88985,
805959,85918,
6277017,NA,
5287734,497555,
5952984,523827,
5287540,497666,
958724,96014,
5287494,497608,
5953152,523662,
957143,85092,
5953158,523671,
889705,90369,
889682,87446,
958358,94506,
958694,95977,
957334,85069,
957005,89431,
958220,94160,
958624,95887,
957223,88858,
889857,88813,
958681,95964,
958737,96027,
958570,96011,
957102,87595,
957490,89216,
6276990,534433,
959821,118810,
959835,118823,
889060,85136,
956888,85022,
958623,95886,
6342613,NA,
6276986,534429,
7747148,NA,
805900,84000,
806016,87624,
959824,118812,
958389,94650,
6276923,534137,
958214,94150,
5287464,497547,
957137,84916,
957457,83608,
806094,89986,
957272,89642,
956898,89396,
956828,86821,
6276952,534179,
958372,94631,
5385834,NA,
956875,86884,
5952869,523640,
958642,95907,
5985070,523884,
956987,86500,
6277218,534420,
956936,90081,
956942,84258,
806046,88377,
957308,86427,
5952991,523834,
805981,86711,
5287711,497577,
889058,83786,
958484,95919,
957002,88005,
959847,118825,
5287462,497545,
957426,89607,
6604515,NA,
957216,87711,
958321,94139,
806001,87162,
6276950,534177,
956813,84291,
805934,85003,
5952917,523745,
6276930,534152,
957411,84455,
958270,94645,
6277049,534521,
805956,85816,
956857,88565,
957213,90736,
886655,85736,
6277223,534426,
958235,94500,
958378,94639,
958387,94648,
958415,94676,
5952975,523816,
958243,94508,
956855,86501,
957317,90493,
889843,84921,
889801,84410,
5287342,497464,
957384,88160,
6627608,NA,
957443,83676,
5953034,523877,
5287666,497524,
5983315,523700,
6277132,NA,
958333,94151,
6277111,535151,
5953113,523608,
957006,88761,
6675476,NA,
5325462,NA,
5953138,523644,
5287489,497603,
958373,94632,
889846,85256,
805885,83723,
5287388,497514,
958586,96027,
805881,83543,
958330,94148,
958502,95942,
805892,83894,
889810,89098,
889077,86763,
958680,95963,
805961,86005,
957179,83773,
889694,85754,
889071,85242,
5287611,497459,
6277085,534699,
889711,84113,
956844,87120,
805905,84102,
956950,87573,
806048,88439,
5287427,497638,
957106,87343,
889074,85243,
5287610,497458,
6277039,534511,
957313,85665,
889805,86980,
6675475,547654,
5287546,497676,
957274,89848,
6277200,534184,
958213,94154,
957343,89208,
957231,87700,
956939,84398,
957333,90097,
6392495,NA,
956858,86470,
957380,84085,
957349,86999,
958490,95925,
805896,83922,
958597,96038,
6942613,NA,
6277029,NA,
5952964,523803,
956944,89668,
5953124,523621,
5287738,497559,
956843,87112,
6277191,534174,
6277102,NA,
5952907,523706,
5953060,523902,
6042496,NA,
956830,84117,
958266,94641,
805942,85200,
959855,118820,
806030,88178,
4895157,NA,
956986,84491,
958534,95975,
957307,90063,
957483,88160,
956965,89103,
958409,94670,
889815,83696,
957083,90267,
805908,84122,
957454,86969,
889862,90474,
5952859,523622,
956977,87112,
7465390,NA,
956835,90275,
889076,88340,
957459,86234,
7638572,NA,
806086,89658,
4928494,NA,
957134,87265,
956901,89925,
958546,95987,
958513,95954,
958403,94664,
5287344,497466,
806021,87833,
5953084,523926,
6277042,534514,
5953083,523925,
957471,84980,
957039,90499,
957441,90261,
958548,95989,
958587,96028,
957097,87711,
958640,95905,
805926,84802,
889774,83515,
957100,85915,
957267,89510,
5287405,497531,
956861,90067,
957391,89216,
958649,95923,
956911,83946,
7211614,NA,
956979,87119,
957248,84732,
958567,96008,
957376,88319,
7023916,NA,
957385,88210,
957124,86546,
6276946,534173,
5952863,523633,
5952952,523788,
5952902,523699,
889727,89297,
5287431,497650,
5287537,497663,
958226,94166,
5287486,497600,
957442,87333,
889740,85751,
957433,89922,
889822,86385,
805912,84288,
959837,118854,
805964,86008,
806090,89961,
957185,84077,
5287461,497544,
5287356,497478,
889700,87824,
957161,86729,
958468,95895,
5287324,497446,
806019,87802,
957371,86036,
5287629,497480,
956831,89103,
959851,118849,
889748,84331,
5952872,523643,
957236,86017,
7719082,NA,
5287733,497554,
958410,94671,
5287366,497488,
805958,85912,
5287299,497421,
5953063,523905,
6276971,534414,
958289,94664,
7328202,538219,
5287519,497634,
958310,94660,
806018,87773,
958222,94162,
956923,90385,
958203,94143,
958343,94163,
889771,88422,
958259,94634,
5952838,517210,
806085,89495,
958245,94510,
958729,96019,
958393,94654,
958398,94659,
805928,84810,
956985,85798,
957365,89131,
958533,95974,
957310,83461,
886656,85735,
958225,94165,
957366,88901,
6021779,NA,
5953144,523651,
957430,88691,
958684,95967,
957390,89215,
889706,83635,
958722,96012,
5953145,523652,
956995,90068,
5952927,523756,
889734,90656,
6277015,534466,
5952918,523746,
5984399,523797,
6240295,NA,
958636,95900,
5953130,523634,
6276956,534183,
5952943,523777,
5401632,NA,
889709,83787,
958309,94685,
957420,89499,
5287481,497565,
889787,86607,
957316,89499,
889067,88166,
957395,85596,
956973,83754,
956860,85738,
956822,89498,
956885,86484,
806026,87917,
957425,87835,
4780173,NA,
889829,88299,
958659,95939,
889715,86385,
886653,84804,
956975,87087,
957414,86427,
4916995,NA,
957379,84244,
6277201,534185,
2245001,NA,
958753,95896,
806057,88571,
956919,85334,
957377,89861,
957480,84450,
5287313,497435,
957054,88155,
6277226,534430,
957417,85661,
6277103,535122,
6277156,535101,
957153,85510,
4395870,NA,
886657,85734,
957050,86256,
958579,96020,
889844,85218,
957487,88725,
889713,84307,
889847,85751,
889856,87665,
957208,85162,
889820,84307,
956906,89270,
958682,95965,
957007,88762,
956883,88980,
958628,95891,
6277112,535153,
958733,96023,
5983732,523659,
956982,85613,
5287426,497635,
956866,85620,
958348,94235,
4913632,NA,
956800,85920,
5287538,497664,
958274,94649,
958651,95925,
5287709,497575,
805888,83736,
5287473,497556,
956826,87141,
957030,89937,
6276964,534192,
6276957,534184,
6277168,534136,
6276939,534166,
889824,86994,
805940,85141,
5952892,523665,
806109,90652,
958347,94169,
5287615,497464,
958643,95908,
5953222,523808,
956929,83657,
958379,94640,
956889,85023,
5953208,523790,
6277008,534452,
6276976,534419,
889836,89447,
958281,94656,
957449,88723,
889718,87080,
957042,88844,
957359,83641,
958501,95941,
6346183,NA,
957256,86449,
806097,90012,
958472,95899,
957360,86585,
957105,87383,
5287625,497476,
6277083,534694,
5953191,523766,
6277142,535654,
5287368,497490,
5953193,523769,
5287555,497686,
5953188,523762,
5287552,497682,
889854,89568,
889746,89203,
5953262,523858,
957048,85332,
5953234,523828,
889751,84688,
958525,95966,
5287715,497582,
889841,90656,
806065,89108,
806051,88466,
958481,95908,
5953119,523615,
5953117,523612,
5952881,523652,
958339,94159,
889794,88851,
958292,94667,
958385,94646,
958471,95898,
959853,118855,
889814,83635,
957201,90272,
6277123,NA,
805996,86900,
956921,88158,
5952886,523657,
5287414,497540,
5401630,NA,
957122,88916,
5287614,497462,
6277000,534443,
5953177,523747,
5287701,497662,
5287398,497524,
958284,94659,
958198,94138,
5952999,523842,
5952965,523804,
957482,86288,
958223,94163,
5287321,497443,
5287505,497619,
5287563,497695,
5953224,523810,
5287429,497645,
958718,96008,
957403,86289,
958291,94666,
806028,88149,
958351,94238,
5952842,523603,
889849,87255,
889831,89042,
958209,94149,
5953005,523848,
958382,94643,
5953201,523781,
956853,84491,
5953194,523771,
889825,87080,
957091,86612,
957370,85561,
889786,85027,
956838,84526,
957196,90638,
958740,96030,
889811,89126,
805883,83626,
957247,84731,
957262,87796,
5287609,497457,
957246,83849,
5287686,497593,
957057,86416,
957135,84939,
5287602,497449,
6276967,534198,
6276968,534210,
5953135,523641,
5287725,497546,
5952849,523610,
5287654,497512,
6277244,534450,
5287420,497592,
5953238,523832,
958290,94665,
889800,84230,
956880,88461,
5287604,497452,
806075,89268,
805972,86468,
5287393,497519,
5287687,497594,
957011,85983,
958276,94651,
2244997,NA,
6276984,534427,
958417,94678,
957466,89131,
958524,95965,
4780183,NA,
889068,87486,
889739,85256,
957469,85561,
6958904,NA,
957245,83848,
5287590,497435,
5953173,523743,
5287574,497418,
6276969,534211,
6628323,NA,
5287296,497418,
957277,83455,
958704,95990,
5952934,523766,
6276953,534180,
5953023,523866,
5953150,523659,
5953032,523875,
957035,85374,
956823,83656,
806071,89201,
5952923,523751,
958308,94684,
958489,95924,
957450,85834,
806068,89151,
956814,87573,
957386,88397,
957182,90043,
956842,87111,
959823,118842,
805985,86722,
956945,86688,
958232,94237,
959826,118844,
957037,87965,
958521,95962,
6604663,NA,
958311,94686,
957397,88974,
958650,95924,
889698,87274,
5287379,497505,
959825,118813,
958574,96015,
5287652,497510,
7418800,NA,
6276922,534136,
6277076,534671,
956900,89945,
5953239,523833,
6277037,NA,
7435573,NA,
6277100,535097,
5287417,497581,
5287385,497510,
6277204,534188,
957107,84775,
958216,94156,
958251,94626,
958312,94679,
5953263,523859,
5953126,523625,
956891,84982,
957444,87645,
889079,88420,
957481,85231,
958376,94637,
958248,94513,
958638,95902,
958478,95905,
5983899,523795,
6277166,534450,
889684,87869,
958537,95978,
889733,90440,
6277107,535135,
806014,87572,
889802,85754,
958669,95950,
5287467,497550,
5287309,497431,
889743,88010,
5287601,497447,
5287707,497573,
6276996,534439,
6277197,534181,
6277213,534387,
6277224,534427,
5952915,523743,
6276958,534185,
958530,95971,
6277160,NA,
957086,86565,
2245002,NA,
958293,94668,
806047,88377,
5298573,NA,
806078,89284,
5287408,497534,
806064,89087,
956968,90266,
957235,87135,
889685,88017,
958569,96010,
5441924,504791,
5952956,523793,
5324860,NA,
957022,85022,
957375,88329,
958357,94504,
806054,88563,
958709,95997,
5952905,523703,
958589,96030,
958732,96022,
6277167,534132,
958287,94690,
958260,94635,
958531,95972,
957183,85945,
805990,86822,
7027422,NA,
958583,96024,
5287726,497547,
806083,89299,
6277059,NA,
6277187,534170,
5952939,523771,
5287617,497466,
5287333,497455,
6222914,NA,
5952852,523614,
5952830,512801,
5952854,523616,
6277138,535537,
889688,90619,
6160404,NA,
6276948,534175,
956974,87086,
889683,87771,
958338,94158,
956937,85920,
956930,84383,
958571,96012,
889080,86764,
6277215,534417,
956804,84265,
957071,84167,
956862,90068,
5287672,497530,
889827,87859,
886665,89107,
5953162,523679,
5953028,523871,
957251,89565,
5953227,523817,
5952957,523794,
957180,85363,
957467,88901,
957393,88157,
957435,84995,
6277055,NA,
5287541,497667,
806080,89292,
957085,84515,
958353,94500,
889703,89126,
959836,118853,
806096,90012,
958264,94639,
957241,86539,
958408,94669,
805968,86215,
6276977,534420,
6277024,NA,
957040,87966,
956920,86256,
958591,96032,
5952831,512809,
958615,96056,
5287534,497655,
6276989,534432,
958230,94235,
889681,87260,
958210,94152,
5952868,523639,
5953085,523927,
5952897,523673,
957197,88474,
5287455,497585,
958411,94672,
957162,88766,
958364,94511,
889749,87665,
957324,85757,
5952998,523841,
957361,83482,
7322441,NA,
956802,84398,
957321,87835,
957475,88319,
958678,95961,
956890,84382,
959845,118845,
5287346,497468,
6277221,534424,
957029,89396,
5287539,497665,
957254,84904,
956877,85983,
5287736,497557,
5953211,523794,
956874,86883,
6610722,NA,
6277188,535993,
5952850,523611,
957130,84732,
957084,90276,
5953136,523642,
6277227,534432,
958691,95974,
6276913,528038,
5287582,497427,
5287339,497461,
6277045,NA,
805895,83922,
6276987,534430,
958418,94680,
5287371,497493,
6277230,534435,
5952855,523617,
5287533,497654,
956893,90589,
957189,86813,
5953068,523910,
957072,88708,
958607,96048,
889780,84739,
805967,86164,
5953086,523928,
889691,84079,
806017,87773,
806025,87917,
889072,84155,
5953254,523850,
5952976,523817,
2390422,NA,
958496,95931,
957346,88723,
958286,94662,
889779,84453,
805903,84081,
959830,118817,
957154,85577,
956856,90566,
958391,94652,
958412,94673,
958510,95951,
5287683,497581,
886666,NA,
956949,84291,
958693,95976,
958632,95895,
957009,86884,
5287407,497533,
806060,88756,
5287717,497584,
957141,88623,
957025,84360,
806089,89765,
5952834,514069,
6276924,534139,
5287642,497496,
5287458,497590,
6277026,534482,
5953001,523844,
6277043,NA,
6277096,NA,
6276912,530700,
6277239,534445,
6276962,534190,
6276921,534132,
5287626,497477,
5287719,497587,
958371,94629,
805998,86937,
5952930,523759,
958552,95993,
958258,94633,
7063735,NA,
6277038,NA,
5953029,523872,
805922,84557,
5953050,523893,
957088,85162,
889785,89290,
957358,86213,
889809,89031,
958335,94153,
956960,87141,
958727,96017,
5953203,523784,
806012,87516,
889723,88560,
957493,89902,
957419,90405,
957304,87250,
956837,86308,
957157,89642,
957087,90424,
958356,94503,
957452,86999,
957206,86565,
957045,84389,
886667,89659,
957200,87925,
6277016,534469,
5953246,523842,
957074,89017,
805949,85636,
5056055,NA,
958470,95897,
958668,95949,
5953014,523857,
5287308,497430,
957233,88366,
5953079,523921,
956983,90777,
805989,86820,
958283,94658,
6276963,534191,
5287389,497515,
6962819,NA,
957079,90091,
957309,89148,
805957,85912,
6670551,NA,
5287684,497586,
5953115,523610,
958275,94650,
958419,94681,
5953186,523758,
806000,87162,
957064,84077,
957423,86624,
5953206,523788,
806095,89986,
889738,85224,
956854,86500,
806081,89292,
957094,90736,
958386,94647,
956955,86589,
957305,86790,
805947,85481,
957160,88156,
958480,95907,
958676,95959,
889773,83477,
889833,89266,
958475,95902,
958561,96002,
958269,94644,
5287682,497542,
958469,95896,
2245044,NA,
805938,85058,
5287364,497486,
889710,84074,
4895155,NA,
5287302,497424,
5953245,523841,
6276994,NA,
5952841,523587,
6277128,535214,
5287679,497538,
5287685,497592,
6276938,534165,
5953198,523777,
5953110,523605,
956992,85606,
7322446,NA,
5952920,523748,
6277181,534163,
6276947,534174,
6277189,534171,
5287410,497536,
5953259,523855,
806103,90442,
958565,96006,
958710,95998,
957224,83793,
889752,87361,
5953166,523702,
5953089,523931,
889830,88560,
956910,90499,
958536,95977,
959852,118799,
958278,94653,
958751,96041,
805943,85200,
957023,85023,
805918,84460,
805891,83894,
6276925,NA,
5953118,523614,
958547,95988,
805948,85603,
5952875,523646,
956953,89229,
958728,96018,
957327,89407,
958578,96019,
889717,86994,
806098,90077,
889708,83715,
957250,86244,
805946,85481,
957269,85577,
958582,96023,
957058,83773,
886649,84101,
806073,89213,
956932,84390,
957127,83848,
5953157,523668,
6277177,534155,
5287305,497427,
5952911,523734,
6277030,534493,
889855,84331,
5953261,523857,
6886328,NA,
5287289,497412,
958715,96005,
6277022,534476,
6735454,NA,
6277126,NA,
958282,94657,
5287669,497527,
5953043,523886,
6277057,534538,
805923,84741,
957187,86683,
956810,85540,
958618,96059,
957338,90261,
805910,84176,
957325,85574,
958635,95899,
957176,90135,
957271,89096,
958399,94661,
958711,95999,
957453,86985,
4766242,NA,
889719,87283,
5952874,523645,
5952909,523725,
958535,95976,
957000,85180,
956926,88990,
958595,96036,
806056,88571,
957373,86424,
958707,95995,
958647,95920,
958406,94667,
957244,87971,
958262,94637,
5287374,497499,
959832,118850,
958522,95963,
5952887,523660,
6277247,534453,
6276997,534440,
6277173,534150,
6277202,534186,
958244,94509,
5287520,497636,
5952921,523749,
956809,87191,
806008,87448,
5953109,523604,
5287633,497484,
958558,95999,
5287742,497564,
958254,94629,
2245030,NA,
957448,85018,
806084,89495,
957222,85328,
958575,96016,
956952,87944,
957491,90136,
957116,87135,
5287362,497484,
958285,94661,
957219,85915,
958714,96002,
805944,89805,
5287550,497680,
958322,94140,
959834,118852,
958674,95957,
889806,87274,
958234,94239,
957265,89526,
956997,85619,
958302,94677,
957353,89902,
5287425,497632,
957169,85695,
6277118,535183,
889796,90619,
806059,88698,
5952867,523638,
5287384,497511,
6277116,535165,
6277099,NA,
957001,83780,
5287428,497643,
7322447,NA,
6277003,534446,
5953175,523745,
5953020,523863,
6276992,534435,
5953069,523911,
5287474,497557,
958328,94146,
958314,94688,
957260,85093,
956993,85738,
958344,94164,
957303,89652,
806093,89971,
6276929,534150,
957345,85018,
5953125,523622,
805916,84412,
5953241,523835,
957383,86288,
958689,95972,
958277,94652,
957418,86631,
958298,94673,
958250,94515,
889702,89098,
957486,88597,
957421,90493,
5287598,497444,
5287301,497423,
6277002,534445,
958466,95893,
5952848,523609,
957010,89916,
5287314,497436,
6276974,534417,
5953214,523797,
958507,95948,
5287730,497551,
6276928,534149,
957337,84951,
5287637,497488,
5287509,497623,
958384,94645,
889666,83515,
956846,90725,
958577,96018,
5952906,523705,
956957,89498,
5953082,523924,
957146,87796,
889747,89568,
956818,89229,
806112,87203,
957389,88814,
806049,88439,
5953013,523856,
889737,85218,
805960,85918,
957149,89526,
958730,96020,
958695,95978,
805914,84395,
958692,95975,
957478,84244,
957355,83608,
957133,89565,
5953210,523793,
5287347,497469,
958504,95945,
957210,84312,
956940,90330,
5287605,497453,
5287587,497432,
806077,89278,
6277062,534579,
6277216,534418,
5287397,497523,
5287291,497413,
5287351,497473,
5287727,497548,
5287466,497549,
6276916,528079,
5953189,523764,
5952862,523631,
5953268,523659,
805988,86820,
6277238,534444,
5287705,497570,
6277041,NA,
958212,94153,
5287298,497420,
958401,94690,
957003,84880,
957014,88461,
6276991,534434,
959856,118851,
957192,88708,
805965,86094,
957220,87627,
5953108,523603,
956824,89706,
959842,118827,
806023,87910,
959850,118816,
806099,90077,
889745,88976,
889697,86980,
958511,95952,
957437,85069,
805953,85735,
957344,89422,
5287706,497572,
805931,84824,
957410,86790,
889742,87255,
889755,90474,
806041,88301,
956902,90585,
957191,84167,
5287573,497417,
6277195,534179,
958572,96013,
5953170,523734,
806050,88466,
5953154,523664,
5952908,523707,
5287529,497649,
889722,88299,
6277207,534192,
889064,87319,
6276931,534153,
6330672,NA,
6277232,534438,
5952985,523828,
5287443,497572,
806006,87435,
958318,94136,
958331,94149,
889821,85049,
5953146,523653,
956894,84360,
956912,88844,
5953266,523862,
958666,95947,
958231,94236,
889693,84410,
805951,85636,
957041,83946,
5287708,497574,
5953181,523751,
957202,89060,
806069,89151,
958296,94671,
956896,84866,
5287336,497458,
5287452,497582,
5953176,523746,
957129,84731,
806036,NA,
5953216,523801,
5952858,523621,
957199,90091,
806070,89201,
806045,88371,
957406,85041,
889721,88084,
956859,85606,
806104,90490,
958363,94510,
957350,86985,
957485,88397,
957488,88814,
958744,96034,
958610,96051,
889803,86465,
889059,83583,
6277205,534190,
958517,95958,
958197,94137,
957312,85661,
805983,86713,
5401629,NA,
958320,94138,
5287735,497556,
5287376,497501,
957144,85093,
958215,94155,
5287631,497482,
6469321,NA,
889728,89401,
5790509,NA,
5287664,497522,
6276943,534169,
6277127,535955,
6277114,535157,
5287382,497508,
5287453,497583,
5953000,523843,
806076,89278,
5953112,523607,
806111,90707,
5952940,523772,
6277235,534441,
6277047,534519,
5953180,523750,
6277241,534447,
957155,85694,
5953091,523933,
806053,88547,
956925,84896,
5953131,523637,
958559,96000,
5953105,523947,
889677,89290,
889065,85956,
956803,90330,
957152,89981,
806100,90371,
958713,96001,
5952974,523815,
958280,94655,
958641,95906,
957112,87700,
2245000,NA,
956943,89092,
958664,95945,
806107,90536,
958590,96031,
5287502,497616,
806072,89213,
5953164,523699,
805975,86528,
956904,85374,
957456,88940,
958748,96038,
958581,96022,
958671,95954,
5952962,523800,
7438289,NA,
6277065,NA,
5287510,497624,
5952896,523671,
5953072,523914,
5952966,523805,
6276934,534156,
5287628,497479,
5287744,497567,
6277125,535203,
5608645,NA,
5960521,527015,
5287355,497477,
5287680,497539,
5287449,497578,
5287445,497574,
6277060,534576,
5953035,523878,
5953235,523829,
957363,85315,
806034,89807,
958629,95892,
805932,NA,
5953123,523619,
806011,87516,
6277139,NA,
956879,88460,
959820,118839,
6277031,NA,
958652,95926,
957273,89847,
889678,85027,
5953256,523852,
957131,90782,
958491,95926,
5287315,497437,
958306,94682,
805969,86215,
957158,89847,
5287551,497681,
5287326,497448,
5953071,523913,
5287638,497489,
7418798,NA,
5287442,497571,
5952933,523765,
5287710,497576,
6276933,534155,
5287688,497595,
5952978,523821,
957140,86674,
5986277,523781,
5952879,523650,
805952,85737,
5953219,523805,
5287650,497507,
6277194,534178,
6277192,534176,
957075,90291,
5287584,497429,
889690,83560,
6277144,NA,
889770,86766,
957081,89060,
957479,84085,
5952877,523648,
958619,96060,
889736,84921,
5977879,523638,
5979083,523801,
958217,94157,
957207,90424,
6277120,535191,
5953243,523839,
957080,87925,
957204,90276,
806062,89002,
957184,88953,
5287292,497414,
5952981,523824,
6277242,534448,
5287432,497656,
5953233,523827,
5953215,523799,
5287387,497513,
6277075,NA,
6277025,NA,
6277225,534429,
6277020,534473,
6276914,530704,
5952835,514070,
5287704,497569,
5953223,523809,
6277219,534422,
5979084,523641,
5287330,497452,
889852,88976,
889873,84074,
5287645,497501,
5953095,523936,
5287522,497639,
957438,85072,
958304,94680,
5953107,523585,
957004,86929,
5953019,523862,
889676,88509,
957335,85072,
889837,89656,
957121,83455,
957368,87915,
957212,87905,
6139286,NA,
958584,96025,
957239,90535,
806108,90652,
958555,95996,
889789,87260,
957463,83482,
5952889,523662,
956954,86812,
956980,88840,
5287569,497412,
958541,95982,
5287317,497439,
806002,87203,
6277246,534451,
6277098,535089,
5287423,497595,
958500,95940,
7465411,NA,
5287618,497467,
5952851,523612,
5571364,NA,
5952953,523789,
6277234,534440,
5287411,497537,
5287591,497436,
5287718,497585,
7277637,NA,
5953260,523856,
6276975,534418,
5953100,523942,
805978,86619,
958549,95990,
958518,95959,
805991,86822,
957476,89861,
956840,87086,
958716,96006,
2244984,NA,
957172,89207,
2244983,NA,
956827,86839,
958551,95992,
958545,95986,
5287480,497564,
957323,89404,
5953169,523725,
806042,89806,
957356,83611,
956984,90778,
956927,90357,
6276942,534170,
6277054,534528,
5287451,497580,
6277184,534167,
5953187,523759,
957230,84388,
5287577,497421,
5952895,523670,
5952861,523630,
5287361,497483,
958381,94642,
6277129,NA,
5952846,523607,
6021781,NA,
5953008,523851,
956872,88761,
958464,95891,
889732,90022,
957056,90547,
958606,96047,
958332,94150,
5953061,523903,
958605,96046,
957033,90585,
958592,96033,
958238,94503,
5953121,523617,
5287403,497529,
957032,89925,
889835,89401,
956886,86477,
5952885,523656,
889674,86398,
6277087,534724,
5287729,497550,
5287728,497549,
958199,94139,
957034,86845,
6277171,534143,
5952954,523790,
889769,90509,
958698,95981,
805987,86732,
5287703,497566,
889695,86465,
889816,83715,
5287721,497591,
805906,84102,
6397098,NA,
6277033,534497,
886663,89106,
5287297,497419,
6277044,534516,
5953081,523923,
958256,94631,
6277122,NA,
5953018,523861,
5287580,497424,
889777,83908,
5953195,523772,
6277082,534693,
5287475,497558,
958532,95973,
5287697,497656,
806066,89106,
957237,90152,
806105,90490,
958206,94146,
957221,87595,
957156,89096,
5953127,523630,
889696,86579,
958301,94676,
956799,90081,
957065,84082,
889716,86788,
4358189,NA,
5287667,497525,
956998,85620,
958580,96063,
805937,85058,
6276988,NA,
6277130,535217,
958720,96010,
5953205,523787,
5953171,523727,
805955,85816,
5952932,523764,
5287416,497543,
805935,85011,
5287392,497518,
5953094,523937,
889754,84541,
958696,95979,
958261,94636,
5287526,497644,
957096,87739,
5953228,523822,
889767,85877,
5952860,523625,
957348,85838,
889720,87859,
5953200,523779,
958725,96015,
958360,94507,
957378,90258,
958708,95996,
956816,90350,
5287613,497461,
5287434,497660,
957364,83702,
958690,95973,
957188,85502,
5287655,497513,
5287712,497578,
6277012,534462,
6277013,NA,
5287743,497565,
6277070,534642,
5287691,497635,
6276980,534423,
5953059,523901,
6277237,534443,
5953096,523938,
6277206,534191,
6277014,NA,
6277243,534449,
5953022,523865,
5952880,523651,
957477,90258,
889775,83620,
957082,90272,
958554,95995,
958613,96054,
806039,88233,
5953097,523939,
958672,95955,
6277121,535193,
958560,96001,
5287404,497530,
956805,84258,
958563,96004,
5287468,497551,
6277155,535098,
5287739,497560,
957175,87267,
956922,89849,
889817,83787,
957077,88474,
957138,86449,
6277066,534616,
956913,83952,
5287370,497492,
5952997,523840,
5952980,523823,
5953161,523675,
5287556,497687,
6277185,534168,
5287658,497516,
5953070,523912,
6277021,534475,
5953178,523748,
958388,94649,
5982147,523727,
5952833,512815,
6550841,NA,
6276919,528082,
5287413,497539,
958723,96013,
4895161,NA,
6277141,535562,
957322,89607,
6277145,534739,
957024,84982,
957352,86970,
957464,85315,
5953093,523935,
5287396,497522,
6643058,NA,
958576,96017,
957396,87256,
2244986,NA,
5287524,497641,
6277046,534518,
889726,89266,
5952983,523826,
957227,90678,
5287612,497460,
5953024,523867,
6277220,534423,
5861847,504789,
805962,86005,
956815,86278,
7211615,NA,
806101,90371,
957388,88725,
958303,94678,
957461,83641,
956969,90275,
805894,83910,
957069,86813,
5953212,523795,
957263,87467,
958503,95944,
956928,90352,
5287630,497481,
6277086,534704,
5952926,523754,
5287527,497646,
889812,90336,
5953248,523844,
6277095,NA,
5952871,523642,
958564,96005,
5953249,523845,
5986010,523668,
958673,95956,
5287465,497548,
5953174,523744,
958663,95944,
5953141,523648,
958390,94651,
806067,NA,
958228,94168,
806040,88301,
5952900,523679,
957118,90152,
957332,86568,
958512,95953,
957341,87645,
958485,95920,
957408,89652,
958593,96034,
886661,86838,
889712,84214,
957329,89922,
2245043,NA,
5287535,497657,
5287350,497472,
957166,86662,
957211,86612,
5287456,497587,
5953033,523876,
5287662,497520,
5953267,523863,
5953006,523849,
5287723,497544,
6276936,534161,
889797,90705,
5287367,497489,
958738,96028,
957110,84387,
5287306,497428,
5287594,497440,
958345,94165,
6277151,534919,
889757,84340,
5952938,523770,
958562,96003,
5953051,523894,
889753,87633,
805963,86008,
889792,87869,
957190,86590,
958705,95993,
889686,88851,
957049,85334,
957225,87383,
957076,90638,
958550,95991,
5287331,497453,
6277052,534525,
5953064,523906,
6277106,NA,
957111,84388,
5953075,523917,
5953116,523611,
5953036,523879,
956829,86901,
889840,90440,
5287500,497614,
957367,84808,
957053,90385,
956951,86278,
805924,84741,
889692,84230,
5287624,497475,
958703,95988,
889665,83477,
889791,87771,
5287644,497499,
5287737,497558,
957062,85945,
956961,86839,
6277035,534504,
5287496,497610,
6277091,NA,
6277032,NA,
956897,84855,
958631,95894,
6277186,534169,
5287699,497660,
958557,95998,
958207,94147,
6276985,534428,
889714,85049,
5953192,523767,
5287501,497615,
5287503,497617,
958609,96050,
957165,84777,
956865,85179,
4956408,NA,
957209,86350,
6277073,534659,
805893,83910,
957098,87730,
5287548,497678,
886654,84803,
957066,86683,
956884,89246,
5790508,NA,
6276993,534436,
6276978,NA,
5953251,523847,
6277011,NA,
5953179,523749,
5953048,523891,
958377,94638,
5953046,523889,
5953009,523852,
5953042,523885,
957195,90291,
957139,86660,
5287660,497518,
805979,86619,
5953003,523846,
956873,88762,
5287714,497580,
5287514,497628,
957259,85092,
957043,83952,
806031,88178,
6277056,534533,
5953184,523754,
5287508,497622,
5287484,497598,
6277036,534507,
5953047,523890,
5953128,523631,
6277018,534471,
5287659,497517,
5952884,523655,
5953021,523864,
6277084,534697,
889735,83741,
5953101,523943,
806010,87509,
889675,86964,
957402,87916,
956833,90271,
889725,89199,
956916,84391,
889776,83721,
805927,84810,
889768,85462,
5953182,523752,
5952968,523807,
957164,89909,
5287579,497423,
5287507,497621,
6277072,534650,
5287673,497531,
6277001,534444,
5287696,497650,
5953258,523854,
6277071,534646,
6277023,NA,
5287649,497506,
6277077,534680,
957412,90063,
957067,85502,
4956410,NA,
6277105,NA,
958362,94509,
958402,94663,
958611,96052,
958194,94134,
956905,86913,
6277148,534754,
956967,90271,
889839,90022,
5287418,497586,
958473,95900,
5287439,497568,
805887,83736,
5952876,523647,
958204,94144,
5952937,523769,
889834,89297,
5953226,523815,
6277028,534484,
957092,87905,
5287559,497691,
6277164,535134,
5953016,523859,
889758,85531,
889668,83721,
958683,95966,
958614,96055,
957428,85757,
5287619,497468,
5287689,497596,
5287504,497618,
5287670,497528,
5287444,497573,
5287433,497659,
958667,95948,
5287477,497560,
5952986,523829,
958508,95949,
957266,89518,
5287517,497631,
806027,NA,
5287521,497637,
5287640,497492,
958745,96035,
6277063,534581,
6277193,534177,
5953168,523707,
957136,84904,
889761,89161,
957311,90393,
956914,83823,
3985757,NA,
4917001,NA,
889783,86964,
6277212,534211,
6277231,534436,
6277163,NA,
5953209,523791,
5984546,523774,
5287406,497532,
958646,95919,
5953183,523753,
958467,95894,
889744,88383,
889672,84739,
958702,95987,
886659,85737,
6276918,528039,
6277048,534520,
6277175,534153,
6277140,NA,
5953253,523849,
5953207,523789,
5953106,523584,
957101,87627,
889669,83908,
805999,86937,
956887,86488,
5287345,497467,
5287506,497620,
6277157,535104,
6277092,534749,
5287512,497626,
6276937,534163,
6276941,534168,
958523,95964,
5953264,523860,
5287322,497444,
6277058,NA,
5953229,523823,
6277229,534434,
5953088,523930,
806024,87910,
6277178,534156,
5953056,523898,
6277061,534577,
956892,83854,
957163,86053,
958543,95984,
958307,94683,
889790,87446,
2244999,NA,
957398,90394,
6277093,534753,
6277051,534523,
5287332,497454,
958354,94501,
5287542,497668,
5287663,497521,
957021,86488,
889823,86788,
958227,94167,
958315,94689,
957198,85749,
5287635,497486,
5953074,523916,
5287560,497692,
6973278,NA,
5287565,497697,
5953031,523874,
889795,89085,
6277094,NA,
5952919,523747,
5952955,523791,
5952891,523664,
889673,85634,
5287419,497589,
889772,85441,
5953037,523880,
958407,94668,
5953044,523887,
6277136,535530,
5953067,523909,
957234,87886,
889760,88904,
889842,83741,
957068,86052,
5953030,523873,
6277153,535090,
6277170,534142,
6277090,534733,
958405,NA,
6277050,534522,
806020,87802,
957174,85626,
6277081,534687,
958741,96031,
5287564,497696,
6277019,NA,
5953065,523907,
958195,94135,
5952996,523839,
5953099,523941,
6277108,535143,
6277104,535126,
957405,90390,
805882,83543,
956933,84193,
958526,95967,
806074,89268,
5953058,523900,
6277135,535527,
5287440,497569,
957103,85328,
5287536,497658,
6277109,NA,
6277159,535112,
5287320,498857,
957104,88858,
889828,88084,
957173,85617,
5287412,497538,
5287513,497627,
6277009,534453,
5287316,497438,
957026,84349,
889784,88509,
5287558,497689,
889838,89959,
5982880,523825,
957404,85351,
956812,87568,
889667,83620,
5953026,523869,
5953102,523944,
5952945,523779,
6277210,534198,
889804,86579,
957318,83898,
805880,83517,
5287545,497675,
5287352,497474,
957193,86193,
5953090,523932,
5287483,497597,
889756,83456,
889819,84214,
889766,90292,
6277137,NA,
5287490,497604,
5287424,497596,
5287485,497599,
806038,88233,
958313,94687,
886668,90443,
958542,95983,
806106,90536,
5287495,497609,
5287595,497442,
958252,94627,
5953159,523673,
6277110,535149,
956931,86916,
5287497,497611,
958655,95929,
957117,86017,
889778,84188,
5953062,523904,
6277146,NA,
958735,96025,
6277088,534728,
957167,86676,
889764,85503,
5287547,497677,
805919,84494,
5953078,523920,
958486,95921,
889670,84188,
957255,84916,
6277131,535297,
889782,86398,
6276973,534416,
5287511,497625,
6277152,535085,
957089,86350,
958608,96049,
6277068,534634,
6277149,NA,
6277117,535174,
6277217,534419,
5953025,523868,
805939,85116,
5287554,497685,
6277010,534459,
5953049,523892,
5953027,523870,
5953087,523929,
6277233,534439,
6277162,535124,
6277069,NA,
956934,83897,
889765,86351,
958603,96044,
5953092,523934,
5287516,497630,
6277154,535095,
957170,88398,
6277134,535524,
5287479,497563,
957078,85749,
5287561,497693,
6277158,535108,
957399,85666,
889759,87347,
5953080,523922,
889807,87377,
957171,85203,
5287557,497688,
889763,90471,
889762,89247,
