PCID,TCGID,
3365959,NA,
6778626,NA,
4913641,NA,
7323300,NA,
6778629,NA,
887395,219334,
888767,86138,
956168,NA,
5428218,NA,
7473194,NA,
956360,83829,
888187,85132,
4637011,478149,
6778641,NA,
956127,84179,
763141,84890,
888691,89409,
887420,219278,
888148,87013,
888288,89184,
956369,88702,
6995201,NA,
887282,219075,
888180,83695,
4637144,478107,
889368,87669,
6995174,NA,
887298,219239,
956213,85982,
4636935,478144,
4637216,478155,
4637165,478158,
2978740,97080,
2245059,NA,
956434,85616,
889597,89019,
4637133,478053,
887163,219459,
6550824,NA,
888762,89637,
888717,89239,
763083,85028,
956366,83951,
888167,87246,
4637234,478192,
5428227,NA,
4637233,478191,
962351,175473,
7667566,NA,
763269,88202,
5428222,NA,
2978723,97059,
849770,85240,
763208,86027,
956293,85486,
888138,86897,
5066886,NA,
887248,219286,
6778620,NA,
888693,89624,
2245045,NA,
849755,83694,
6142750,NA,
763159,84798,
849769,88336,
956337,85021,
5672119,NA,
956167,86426,
888830,89133,
888709,86463,
4637088,478061,
889617,90342,
956349,90780,
962333,175386,
888875,87254,
6042254,NA,
962268,175438,
6995196,NA,
956478,89293,
763059,84922,
6234389,NA,
4637229,478186,
4637006,478137,
4637051,478111,
956399,85539,
888381,85402,
849466,87585,
763061,85057,
888386,87129,
958781,97074,
4637179,478195,
888769,87359,
887232,219368,
887210,219391,
888682,83689,
763272,89443,
889866,90663,
956347,84729,
955437,84446,
956412,90469,
6984915,NA,
763233,84259,
888744,88923,
888810,84127,
888821,86266,
763162,85197,
888374,90397,
887309,219303,
955511,84318,
849561,83708,
956050,89005,
956481,83829,
889420,85976,
888202,89342,
849554,89653,
4956335,NA,
849524,89689,
889362,84516,
888042,87976,
889527,86707,
849427,90334,
956352,86242,
763079,84010,
956287,85516,
956090,90095,
4636976,478219,
4637182,478201,
887347,219464,
888218,88384,
763153,85245,
956096,90626,
889530,87722,
888072,83695,
888209,90607,
956436,85857,
888083,86834,
888052,85965,
962317,175273,
763268,88186,
956236,85090,
4636979,478227,
889364,84889,
889417,84236,
887103,219230,
887335,219434,
887403,219355,
887158,219447,
763237,84392,
956511,85366,
888715,89132,
956268,88831,
2978738,97078,
6342151,NA,
849757,84403,
956441,87229,
958771,97064,
763228,83824,
956417,89058,
4894836,NA,
889347,89041,
4636945,478160,
956077,90089,
888721,83794,
888756,86149,
3398878,NA,
889306,85946,
887218,219336,
962318,175274,
849447,87758,
956371,83916,
956395,88825,
888298,90581,
849394,84899,
889654,88391,
6245985,NA,
887178,219485,
6389245,NA,
888182,83727,
888108,87253,
956118,83844,
6739885,NA,
763206,85171,
763224,90200,
888101,90607,
956216,88855,
888096,89472,
956507,85559,
763085,85916,
888417,90465,
956324,89581,
4637140,478088,
956102,85338,
956195,87493,
888025,97749,
763086,86027,
6874967,NA,
5927169,NA,
888359,85154,
888878,89713,
888204,89472,
888303,86920,
956444,84339,
889494,87185,
888867,86142,
955614,84248,
956424,87165,
4951609,NA,
889343,87282,
956222,90761,
4637155,478134,
888733,86158,
4637196,478223,
763049,88826,
888864,90773,
962368,175494,
887328,219407,
888146,84761,
887368,219404,
888057,87014,
849531,84429,
955551,84523,
888246,90703,
955516,83814,
763223,90198,
888695,90561,
888215,86572,
956464,85703,
956322,89901,
956340,85702,
956443,83718,
6778647,NA,
887161,219454,
956122,86476,
4916943,NA,
888815,84836,
956241,89571,
956259,90695,
956475,83529,
889522,85173,
962289,175485,
888355,NA,
849432,84429,
849758,86664,
956303,84961,
4766912,173393,
849424,89398,
5790304,NA,
956474,83494,
6778650,NA,
763142,85227,
6995207,NA,
6995199,NA,
5811183,NA,
4636984,478225,
4636920,478107,
6244328,NA,
4637188,478217,
956056,89147,
4637145,478120,
888302,86598,
956323,88939,
956311,85853,
888738,87217,
763114,84366,
956476,89300,
849563,85216,
763115,84392,
887419,219277,
956070,89309,
889472,85244,
4637156,478135,
956180,89335,
888883,87359,
888734,86495,
962330,175383,
2369921,85878,
888846,86156,
956328,86233,
955606,83661,
888316,84084,
888399,89474,
888366,86806,
763263,84890,
763144,87753,
962243,175277,
956271,85539,
763230,84015,
956305,84949,
763152,90481,
962236,175269,
956316,87804,
962341,175425,
956403,87062,
6995175,NA,
887132,219349,
887234,219371,
887183,219495,
956141,86168,
4637161,478147,
888882,86140,
888069,89691,
4637005,478136,
888131,83955,
956110,88915,
888335,85371,
887332,219419,
888087,87759,
888253,85938,
849416,87234,
889643,90027,
955503,84377,
6778618,NA,
887156,219445,
958757,97050,
887393,219331,
956398,87190,
889658,89714,
962313,175263,
962325,175369,
849772,86760,
849765,89263,
955448,84714,
956176,86045,
887404,219357,
6234582,NA,
887417,219273,
4636968,478201,
889429,90487,
763207,155608,
4636902,478051,
887324,219384,
888799,86253,
849393,84462,
889536,89055,
888326,85875,
849511,85990,
763201,84010,
887322,219379,
956490,88702,
888336,85633,
5609152,NA,
888406,90747,
888764,89713,
956062,84413,
887098,219092,
4637193,478227,
962295,175491,
956209,84966,
763275,85245,
763193,220666,
888093,89296,
958772,97065,
888411,87600,
889498,90341,
888045,89025,
888062,87798,
849551,89340,
955575,83934,
889581,87701,
889509,87749,
5964283,NA,
956393,87788,
5428225,NA,
956446,83935,
849763,87808,
887153,219441,
887229,219362,
763087,86078,
2978721,97057,
956053,85062,
888874,86153,
888692,89541,
889467,87669,
889457,83839,
763056,83817,
763165,86946,
763062,85511,
888388,87610,
962320,175277,
889496,89019,
849543,87197,
889519,84554,
889326,87823,
849452,89470,
962328,175381,
962348,175459,
889508,87740,
4637013,478153,
4636951,478170,
4637187,478215,
888714,88582,
889297,88850,
4636996,478209,
4637205,478234,
888706,86013,
958767,97060,
887269,219313,
5830381,NA,
5672134,NA,
849534,85687,
888090,88296,
4781194,NA,
6778632,NA,
956454,86212,
888149,87976,
888086,87684,
888185,84432,
887249,219287,
956497,84903,
889351,89492,
956456,89283,
849555,89731,
763113,84356,
956468,85625,
763215,87825,
956047,84036,
956489,85696,
4637038,478200,
4637169,478170,
4637029,478186,
956133,86070,
887334,219432,
849465,86846,
956333,86584,
887358,219481,
956361,83821,
888210,90649,
763100,89513,
763222,89513,
763123,87081,
956267,88825,
962288,175484,
956335,88681,
4637136,478057,
888080,85133,
955454,84523,
5428257,NA,
956055,86426,
956356,90372,
958777,97070,
888358,84851,
6995203,NA,
962252,175380,
4636967,478199,
889373,85244,
956144,88396,
887271,219319,
888687,88325,
956185,85201,
888176,89533,
4637209,478136,
956391,84123,
763043,86946,
4768813,NA,
888213,84520,
888217,87392,
763064,86064,
2775151,97063,
888750,90773,
888293,89733,
763073,89389,
887141,219387,
6778649,NA,
888866,85896,
5428219,NA,
849506,85476,
956407,90462,
962345,175441,
763097,88751,
962344,175439,
962248,175366,
763240,85652,
4602158,NA,
887379,219376,
888189,85806,
956150,85280,
763104,90204,
888684,86157,
958764,97057,
2245048,NA,
849411,85937,
956230,86487,
956131,84243,
955611,83950,
4636969,478204,
888070,90368,
956363,87477,
962290,175486,
763150,89443,
887131,219348,
888263,87770,
956298,87166,
956358,89661,
763106,83824,
888349,87799,
956265,87788,
7328195,NA,
888363,86012,
956332,83640,
763212,87107,
888267,90397,
2978717,97050,
6995189,NA,
763179,84099,
889303,84407,
889493,86724,
4928511,NA,
956105,85982,
763197,90327,
888774,86552,
956514,86563,
956513,89632,
962255,175383,
956338,83519,
888134,84463,
889550,86291,
849493,84899,
956251,88573,
763271,88764,
888301,84888,
888198,88296,
849398,87783,
962356,175481,
888681,83687,
889345,87612,
4636921,478120,
889413,87980,
888139,87337,
4637131,478051,
955509,83661,
888268,83713,
888098,89648,
888172,88164,
849501,90332,
888221,NA,
958780,97073,
887421,219280,
888158,84873,
888161,86816,
962357,175482,
888766,86136,
887244,219281,
4565990,NA,
4636918,478102,
887230,219365,
763203,84251,
962352,175476,
5056059,NA,
763214,174129,
956296,85145,
888295,90037,
888310,90465,
5428226,NA,
4637214,NA,
4637207,NA,
6869915,NA,
889464,NA,
889410,NA,
6995183,NA,
889374,NA,
6995178,NA,
889440,NA,
889358,NA,
887381,219380,
6657631,NA,
962259,175387,
849541,87073,
4636971,478208,
888877,88338,
4894839,NA,
889520,84942,
849539,87025,
849440,87025,
956422,85144,
888276,85975,
888073,83712,
962300,175496,
888084,87028,
763038,85039,
956329,86212,
888812,84833,
763204,84953,
888688,88544,
888100,89732,
849429,83692,
888241,87157,
962258,175386,
888199,89039,
2573132,85463,
763198,90531,
849768,90746,
887341,219449,
956270,87190,
888304,87600,
888356,84335,
6995211,84335,
4637134,84335,
5435127,84335,
956087,84335,
5134671,84335,
836685,84335,
887157,84335,
5428254,84335,
7639081,84335,
889355,84335,
887211,84335,
889872,84335,
887375,84335,
956100,84335,
6995202,84335,
889428,84335,
956226,84335,
6239425,84335,
887221,84335,
836669,84335,
889405,84335,
887182,84335,
6995184,84335,
889296,84335,
889319,84335,
889425,84335,
889339,84335,
4637201,84335,
887326,84335,
6995210,84335,
4637109,84335,
889325,84335,
889421,84335,
889459,84335,
889430,84335,
4636998,84335,
889400,84335,
6995204,84335,
889350,84335,
6778646,84335,
889290,84335,
887307,84335,
836664,84335,
4637043,84335,
887323,84335,
4637204,84335,
889315,84335,
4916970,84335,
889442,84335,
6995197,84335,
889423,84335,
6778624,84335,
6995180,84335,
6995176,84335,
889412,84335,
4636946,84335,
887139,219382,
5285205,98541,
956429,84961,
4637189,478218,
887338,219445,
849530,83726,
958783,97076,
889359,84125,
888798,86157,
888372,89671,
7307332,NA,
4956334,NA,
849499,89122,
956461,85021,
763239,85114,
956418,83508,
888258,86462,
888696,84127,
888307,NA,
956408,85406,
962280,175476,
956401,87778,
5830383,NA,
962239,175273,
763069,87637,
849455,89731,
5857350,NA,
958778,97071,
888863,90543,
956199,90095,
956240,86070,
956225,86070,
889392,86070,
956125,86070,
889365,86070,
889450,86070,
887378,86070,
887168,86070,
887299,86070,
889346,86070,
887113,86070,
889363,86070,
956109,86070,
956101,86070,
889418,86070,
956081,86070,
887226,86070,
889323,86070,
887348,86070,
887166,86070,
956202,86070,
887138,86070,
889460,86070,
887426,86070,
836684,86070,
956237,86070,
887286,86070,
887097,86070,
889434,86070,
887425,86070,
887246,86070,
887427,86070,
887190,86070,
5952367,86070,
887432,86070,
889321,86070,
887273,86070,
887243,86070,
956153,86070,
887364,86070,
956135,86070,
889331,86070,
889386,86070,
887281,86070,
4637098,86070,
956160,86070,
887367,86070,
887357,86070,
836675,86070,
956196,86070,
889310,86070,
887397,86070,
4636904,86070,
956123,86070,
887137,86070,
956098,86070,
889356,86070,
887340,86070,
4637087,86070,
887191,86070,
887301,86070,
956239,86070,
887204,86070,
4636960,86070,
887209,86070,
889439,86070,
887208,86070,
4636901,86070,
956188,86070,
889349,86070,
889471,86070,
836579,86070,
889294,86070,
887214,86070,
6778651,86070,
4636930,86070,
956085,86070,
887336,86070,
4637239,86070,
956074,86070,
956184,86070,
4636977,86070,
3453657,86070,
956145,86070,
889473,86070,
956108,86070,
887376,86070,
889448,86070,
6995200,86070,
889395,86070,
956221,86070,
836655,86070,
956137,86070,
887160,86070,
887133,86070,
956243,86070,
887345,86070,
887317,86070,
887344,86070,
887162,86070,
4637037,86070,
887306,86070,
887305,86070,
887300,86070,
956187,86070,
887176,86070,
887117,86070,
4781189,86070,
887142,86070,
887124,86070,
887270,86070,
956215,86070,
956190,86070,
887200,86070,
956189,86070,
956071,86070,
887302,86070,
3895932,86070,
956049,86070,
887290,86070,
887304,86070,
887144,86070,
887353,86070,
7747251,86070,
956116,86070,
4636898,86070,
887352,86070,
956223,86070,
887170,86070,
887285,86070,
4637080,86070,
887147,86070,
887400,86070,
887192,86070,
6995192,86070,
887152,86070,
887288,86070,
887369,86070,
889443,86070,
4637062,86070,
887134,86070,
6778639,86070,
887319,86070,
4637162,86070,
4400702,86070,
887260,86070,
887276,86070,
887413,86070,
6995205,86070,
887236,86070,
887233,86070,
887415,86070,
4637175,86070,
887109,86070,
2244940,86070,
887100,86070,
836561,86070,
887119,86070,
888698,86070,
6995208,86070,
887257,86070,
4637030,86070,
887255,86070,
888722,86070,
887268,86070,
6995195,86070,
6995186,86070,
2245053,86070,
4636975,86070,
6778616,86070,
888833,86070,
6778655,86070,
6778630,86070,
4637119,86070,
888719,86070,
888796,86070,
6778645,86070,
887374,86070,
6778637,86070,
4637107,86070,
4637077,86070,
6778625,86070,
889313,86070,
887339,86070,
887409,86070,
4637148,86070,
4637104,86070,
956242,86070,
956080,86070,
956119,86070,
887315,86070,
887140,86070,
887128,86070,
4781190,86070,
887241,86070,
6778636,86070,
4637086,86070,
889424,86070,
956201,86070,
887217,86070,
888834,86070,
4637034,86070,
887312,86070,
887405,86070,
4637217,86070,
956132,86070,
888835,86070,
6778642,86070,
889366,86070,
887390,86070,
4637074,86070,
887251,86070,
887240,86070,
889318,86070,
887408,86070,
889415,86070,
6995212,86070,
6778644,86070,
4637213,86070,
889466,86070,
4637012,86070,
887351,86070,
887329,86070,
887428,86070,
956104,86070,
889447,86070,
956094,86070,
889409,86070,
4637241,86070,
6778652,86070,
956219,86070,
887325,86070,
889411,86070,
956121,86070,
6551447,86070,
836660,86070,
889375,86070,
887314,86070,
887145,86070,
956120,86070,
889399,86070,
889307,86070,
3399950,86070,
5154455,86070,
4637232,478190,
887252,219291,
889414,89679,
6042256,NA,
888763,88338,
956480,89662,
956320,83935,
889559,86139,
888387,87281,
888061,87484,
888328,90507,
763060,84943,
888071,90560,
763090,87107,
956278,86000,
849545,87756,
888419,84892,
956306,89206,
763231,84037,
763051,89279,
888379,85134,
888201,89296,
849537,86189,
962335,175392,
889337,84822,
889437,84822,
962338,175412,
889612,89020,
888115,88987,
888271,85047,
962314,175269,
763242,85807,
763125,87284,
889614,89358,
956186,85747,
849419,89012,
888394,88741,
956483,83663,
887292,219230,
763164,155611,
889488,84376,
849459,90034,
763261,231449,
956169,83460,
888747,89549,
956491,89947,
962321,175312,
887327,219403,
887407,219364,
5426661,NA,
6778622,NA,
956499,83701,
849385,85826,
887293,219231,
763092,87570,
958761,97054,
888085,87128,
888803,88936,
888103,90772,
888736,87078,
763065,86083,
958770,97062,
888099,89654,
887122,219267,
888245,89083,
888205,89547,
763180,84347,
956382,88630,
888383,85975,
956432,89206,
887171,219473,
763108,84015,
763080,84121,
849454,89653,
763252,88287,
956275,87062,
763205,85028,
6778640,NA,
958784,97077,
6778635,NA,
889370,88245,
889463,84889,
956231,87969,
888222,86037,
887333,219421,
888814,84835,
888855,88297,
889492,86697,
888055,86833,
888279,87129,
887193,219422,
4134110,NA,
888724,84839,
962254,175382,
849544,87607,
956425,87166,
955455,84524,
888776,83683,
889528,87209,
956367,84783,
962327,175379,
849762,87076,
849456,89951,
956485,83944,
956228,86482,
849449,87807,
763151,89638,
888286,88557,
4643454,NA,
849767,89954,
889649,86146,
956423,85145,
888314,87631,
888195,87759,
763194,88464,
888742,88310,
889433,84033,
887216,219333,
887231,219367,
887181,219491,
4637002,478114,
956130,85091,
888778,84490,
3930579,NA,
888112,89575,
849430,83693,
887383,219383,
889497,90064,
888077,84432,
889629,87209,
849558,90019,
888121,87167,
956413,84023,
956411,89034,
6390602,NA,
849538,86224,
888400,89733,
963150,186021,
889635,88559,
887411,219370,
889357,90608,
887089,219061,
888092,89183,
849458,90020,
888389,87810,
962264,175416,
6995191,NA,
956420,85486,
763244,86995,
763126,87469,
962319,175276,
2245012,NA,
889504,85487,
763057,84099,
962270,175441,
956486,88843,
962244,175312,
956175,89973,
6778631,NA,
956414,85516,
763209,86078,
889451,89492,
888136,85991,
888817,84905,
889664,88989,
888130,83757,
889390,84092,
888151,88848,
956508,85560,
887090,219068,
849568,87757,
889505,86195,
763185,85675,
763091,87186,
763176,83684,
888094,89342,
956385,86368,
955574,83933,
888170,87798,
763116,85050,
2978724,97060,
4360786,NA,
956350,90781,
956140,85265,
5834328,NA,
956427,85059,
888133,84334,
887135,219361,
763265,85257,
888385,86933,
887414,219268,
888720,83704,
956445,88807,
956470,90780,
6995193,NA,
956229,86476,
6778617,NA,
888845,85082,
763158,NA,
888179,90560,
962315,175270,
4636992,477469,
849389,88817,
888171,87821,
888348,87157,
888675,88633,
889646,90639,
2677905,84676,
888153,89155,
888178,90368,
888143,89289,
763055,83758,
849428,90574,
4636928,478131,
887174,219479,
956269,88832,
4957629,NA,
956309,85847,
2514239,NA,
962294,175490,
849760,86805,
956295,85144,
2978715,97048,
763118,85652,
889507,86473,
888300,83740,
888746,89548,
956492,83916,
956397,88832,
763121,86172,
763178,83817,
888382,85403,
6778633,NA,
889299,89763,
888711,232882,
889381,86332,
849400,89122,
888091,89039,
888162,86817,
888027,84463,
849510,85937,
849406,84932,
888192,87028,
956304,84962,
7445412,NA,
888067,89426,
888409,86598,
962363,175488,
962287,175483,
956066,86629,
889367,87308,
956114,88979,
956065,86045,
888266,89692,
956384,89258,
889309,86458,
4637149,478128,
962350,175469,
4637090,478063,
2978739,97079,
888881,86138,
956313,85836,
888407,83740,
2975519,97053,
888362,85967,
889431,83634,
889555,89576,
888413,88244,
888088,87809,
849488,88817,
763267,88176,
6135051,NA,
962355,175480,
849513,86205,
888737,87130,
962286,175482,
956482,83821,
5921435,NA,
763238,85050,
889491,86378,
763099,89212,
6995198,NA,
2978730,97070,
956247,86168,
956217,88915,
4637190,478219,
4636905,478055,
763221,89212,
849438,86189,
956164,86682,
956107,90149,
889542,90027,
958756,97049,
849487,88161,
849550,88126,
888351,88733,
889576,83549,
849460,90648,
888345,85753,
889353,89958,
5438828,NA,
763109,84037,
889582,87712,
888219,89434,
956433,90066,
958754,97047,
962340,175417,
763182,84943,
958786,97079,
956359,89662,
763177,83758,
849431,83726,
956051,84106,
962308,175504,
888329,86762,
763132,88819,
956211,85339,
2158350,88382,
956227,85314,
887359,219482,
956179,90404,
849764,87103,
2978726,97065,
849425,89689,
4637176,478183,
956264,87762,
887093,219075,
763241,85758,
849532,84430,
956210,85338,
4637127,478033,
956207,84386,
4637031,478188,
956159,84036,
4637015,478155,
956134,89571,
4637082,478045,
888792,90123,
956314,84536,
888054,86817,
3365586,NA,
887215,219331,
763072,88464,
888211,90772,
888106,85211,
888364,86265,
958776,97069,
887247,219285,
888375,83713,
956439,85836,
889534,88559,
849498,88896,
956405,86000,
956285,90469,
763254,88819,
2978729,97069,
889327,89198,
956471,90781,
956142,87676,
849461,83708,
763277,89715,
956280,90462,
849423,89195,
956354,89300,
4916999,NA,
888415,88590,
887331,219416,
3345961,NA,
887165,219464,
887185,219401,
889470,90480,
889314,177124,
4636991,478233,
763063,85675,
849402,90332,
889404,85026,
962361,175486,
889571,88647,
888396,89400,
849547,87758,
888255,85967,
763229,83936,
888206,89648,
763243,86172,
889655,88404,
888256,86012,
763068,87275,
849564,86076,
849540,87072,
889605,85487,
956355,83529,
2573133,86767,
4637130,478050,
6115520,NA,
6869713,NA,
956459,83481,
6995177,NA,
763225,90202,
887318,219358,
888782,85640,
889453,90038,
887130,219345,
889456,90608,
887096,219087,
956093,85071,
4636924,478126,
956106,90148,
888839,84840,
763202,84121,
849536,85908,
888701,84836,
763078,90657,
6073929,NA,
888223,88987,
888823,86463,
888040,86898,
888805,89409,
888046,89155,
888790,88902,
888360,85938,
763187,86083,
763124,87218,
5400955,NA,
956365,88843,
889631,87722,
849495,85729,
888350,88685,
6778653,NA,
6573092,NA,
4637198,478225,
888079,85132,
4637050,478112,
6995187,NA,
6995185,NA,
888174,89211,
956246,85265,
956400,90447,
2369923,90510,
956506,83671,
763135,89273,
888666,85501,
763226,90204,
889523,85407,
888731,85082,
888718,90398,
849434,84431,
763074,89561,
889490,85770,
956387,90695,
763166,87113,
763168,87514,
889427,89198,
5527609,NA,
888082,86494,
887396,219336,
889308,86261,
962247,175365,
956181,89309,
5923746,NA,
4781193,NA,
849408,85547,
889601,83750,
888056,86924,
956272,90447,
4636906,478057,
956254,90134,
956263,84123,
956326,87657,
6870218,285694,
763093,87825,
956479,89661,
889304,85026,
6781829,NA,
956173,84413,
6778628,NA,
956317,83718,
6995179,NA,
956319,88807,
5927165,NA,
6778634,NA,
956069,89335,
888699,84834,
888166,87155,
4637123,478097,
849480,NA,
888309,88975,
889382,86557,
887423,219282,
5166505,247469,
962366,175492,
2978732,97072,
5428228,NA,
956257,86368,
849462,84012,
888311,84684,
763107,83936,
887188,219405,
955478,83934,
849496,87100,
956111,86538,
956261,89214,
763276,88342,
763149,88764,
889371,90480,
763052,89508,
888754,86145,
887391,219328,
962291,175487,
956302,89121,
956307,90066,
888048,90058,
6778623,NA,
849759,84737,
962332,175385,
763102,90200,
888212,NA,
5428217,NA,
4637237,478198,
6778654,NA,
2775149,97064,
887311,219324,
956088,86357,
955436,84445,
4637158,478144,
763048,88745,
888236,97731,
889474,84893,
888037,174493,
4637060,478021,
889594,86724,
4636948,478164,
887350,219468,
888023,83757,
955552,84524,
888159,85794,
956440,84536,
888347,86548,
955554,83752,
888114,86037,
888398,89655,
849426,90333,
956402,87053,
4214872,NA,
889532,88450,
6330758,NA,
7557617,NA,
956498,84915,
849503,84088,
4637184,478207,
763247,87284,
849445,87607,
887169,219470,
956200,90096,
763245,87081,
888340,87453,
887116,219244,
956321,85707,
962250,175371,
956060,89962,
4637040,478203,
958775,97068,
956345,85625,
956143,87850,
888109,87392,
4636932,478135,
887227,219357,
956248,87676,
888808,89693,
888354,83956,
888132,97749,
889479,87458,
888231,86547,
887127,219324,
849414,86205,
887108,219235,
889638,89140,
888289,89400,
888848,86495,
888861,89549,
849518,89012,
963145,186012,
956421,83547,
888873,86152,
888190,86494,
889551,87602,
763136,89369,
888745,89330,
888265,89671,
888331,85439,
962293,175489,
956266,88824,
956289,87924,
889529,87689,
5528976,NA,
956220,88984,
889354,90038,
889514,89696,
956112,86543,
6778621,NA,
887179,219487,
763270,88407,
887235,219265,
888880,86136,
7561604,NA,
887394,219333,
6995206,NA,
956453,86233,
888716,89133,
956147,90087,
888157,90663,
888186,85046,
889558,86137,
763140,90651,
888235,97730,
849556,89951,
763039,85121,
888305,87889,
2245054,NA,
888365,86462,
888274,85402,
763236,84366,
2978714,97047,
888095,89343,
849522,89195,
962297,175493,
956437,85853,
889545,90639,
889659,86137,
889653,87852,
5639054,NA,
763255,89043,
956410,89450,
956252,88596,
4637041,478205,
888270,84862,
887150,219421,
956174,83911,
6995181,NA,
962339,175416,
887092,219074,
888860,89548,
887370,219409,
849422,89124,
889556,90085,
955534,84446,
5861892,NA,
955600,84377,
887148,219416,
4637146,478124,
4636970,478207,
889580,87458,
888029,85991,
888818,84906,
889391,84195,
887207,219385,
888384,86639,
956472,86241,
956496,84902,
889642,90004,
849761,86650,
889537,89140,
849520,89123,
888739,87318,
888852,87217,
763128,87882,
4636912,478088,
958755,97048,
956291,83508,
956214,90148,
956330,89588,
956390,83760,
888068,89533,
962277,175469,
889627,86647,
962337,175403,
888367,86841,
763258,89369,
5962590,NA,
958782,97075,
956172,89963,
2978731,97071,
763067,86965,
888173,89125,
849517,87784,
888243,88685,
962358,175483,
889503,85119,
5428256,NA,
888780,85327,
888768,86140,
956290,89058,
887104,219231,
887107,219234,
4230473,NA,
887342,219451,
888141,87785,
849405,84402,
763101,90198,
888152,89025,
963154,186025,
849527,90574,
2423657,NA,
849417,87278,
763264,85227,
888377,84862,
763050,89157,
849397,87100,
763167,215634,
888230,85922,
4637191,478220,
888380,85135,
763120,85807,
2978716,97049,
888065,89125,
889656,89576,
888247,83956,
3399952,NA,
956177,86629,
962246,175348,
956463,85702,
887297,219238,
763190,87275,
849514,87101,
763219,88751,
763262,90651,
889500,83750,
956146,88596,
849529,83693,
962316,175272,
889360,84156,
889648,84425,
956409,87457,
4637181,478199,
956253,90087,
889863,219364,
888261,87235,
956165,85062,
889560,86141,
4637017,478159,
888297,90438,
4636939,478148,
763155,89715,
5885843,NA,
956299,85191,
887380,219378,
887362,219487,
889438,85048,
888673,87342,
4636916,478098,
956501,88900,
962367,175493,
956494,84937,
888145,84759,
849490,89117,
849433,84430,
887120,219250,
956406,90456,
888802,88544,
956312,85833,
763161,85121,
4637063,478024,
889512,89134,
888408,84888,
956136,89978,
888765,84686,
763274,90481,
956469,84729,
955608,84318,
849549,87807,
956430,84962,
888854,88286,
962331,175384,
888249,84335,
888800,87450,
887279,219068,
4916992,NA,
763146,88186,
4637052,478113,
888147,86898,
956465,85600,
962257,175385,
962302,175498,
956250,88396,
4636993,478234,
888871,86150,
849562,84012,
763189,86965,
956487,83951,
889533,88456,
6995209,NA,
887102,219229,
4637167,NA,
956089,85612,
849420,89013,
4636931,478134,
7639080,NA,
888272,85134,
955615,84505,
5978476,NA,
888028,85025,
888793,90151,
958768,97061,
763156,NA,
763134,89172,
888665,84917,
849443,87074,
888033,87445,
888369,87485,
888312,84892,
2978728,97067,
887280,219069,
887220,219340,
962364,175489,
763071,87901,
763138,89584,
888113,83938,
962235,175263,
955613,83814,
763173,89279,
763183,85057,
888404,90438,
958763,97056,
889525,86641,
956388,90653,
962251,175379,
888401,89955,
889334,84073,
763147,88202,
956092,85068,
6995173,NA,
4894838,NA,
4636988,478230,
887091,219069,
763184,85511,
6995188,NA,
2978722,97058,
888197,87999,
888105,84520,
888694,89693,
889604,85119,
4637073,477056,
4636958,478179,
888668,85640,
888851,87130,
4637067,478028,
889619,84281,
962274,175459,
889621,84942,
888826,87985,
888357,84404,
889292,177126,
4637154,478133,
887412,219371,
956256,89258,
887101,219228,
849533,84431,
889487,83572,
962272,175451,
888686,87450,
956097,90677,
956138,84575,
962342,175431,
888277,86639,
889620,84554,
955518,84505,
849413,86188,
849508,85889,
888164,86924,
962365,175490,
4637033,478191,
956426,85191,
887401,219352,
763077,90620,
962281,175477,
889361,84158,
889511,89020,
4637071,478032,
888038,84759,
887110,219237,
849557,90020,
888097,89547,
888066,89211,
962304,175500,
4636974,478217,
956447,85707,
2978735,97075,
889320,85976,
763143,85257,
2978719,97054,
888278,86933,
889562,84755,
763210,86939,
888299,90747,
888313,87357,
849548,87806,
956234,84179,
956327,86163,
956394,88824,
956509,86034,
956191,84993,
956460,88379,
887118,219246,
956182,90288,
887361,219485,
956224,90754,
956079,90270,
958773,97066,
956279,90456,
889475,83549,
888735,86646,
889578,86067,
888184,84112,
888708,86412,
2677902,87349,
4636982,478223,
955451,83731,
956346,85740,
962324,175366,
889483,88141,
4636927,478130,
956438,85833,
888110,88384,
889661,86141,
849542,87074,
956419,87208,
888862,89734,
956389,89214,
889305,85400,
956348,84730,
956124,87969,
6995194,NA,
5551217,NA,
887366,219401,
6995190,NA,
5636985,NA,
2978725,97062,
849521,89124,
956126,84178,
2975512,97056,
887115,219242,
887228,219360,
956048,86304,
4895162,NA,
888705,85795,
763070,87793,
956458,86584,
836645,219406,
4636909,478070,
956151,86560,
888163,86833,
888824,87104,
889316,84229,
888214,85211,
763045,87143,
888032,87337,
849471,86451,
888840,84841,
888227,84766,
888405,90581,
956373,86131,
956218,86538,
888196,87809,
956258,90689,
2677919,85442,
4636933,477053,
888291,89474,
956442,87804,
763211,86981,
962284,175480,
888850,87078,
763054,83684,
889644,90028,
763098,89026,
887151,219432,
956450,89581,
887373,219420,
7226348,NA,
887167,219467,
849566,87585,
4636940,478150,
4636903,478052,
887225,219354,
4643455,453479,
4636965,478195,
956078,87923,
956064,89973,
849504,84402,
956415,90090,
4637120,478093,
889611,88488,
889591,85770,
888064,88164,
956156,85638,
888155,90058,
889398,89672,
963138,186001,
763251,235080,
887316,219349,
888392,88080,
887384,219385,
963148,186019,
956473,86242,
849410,85890,
4637046,478121,
962360,175485,
763235,84356,
962354,175479,
888751,84986,
763094,213008,
888194,87684,
849553,89471,
763257,89273,
962261,175400,
887294,219235,
763200,90657,
887164,219462,
889515,89938,
956161,90322,
763088,86939,
7419323,NA,
956197,86357,
887283,219080,
888361,85966,
2492552,83513,
763145,88176,
763249,87506,
4637036,478196,
956091,90096,
956204,89320,
888051,85794,
958762,97055,
849437,85908,
888238,85753,
849467,90083,
849489,88895,
889579,87297,
889657,90085,
888772,90293,
889651,86291,
889293,86902,
889573,90126,
962334,175387,
889616,89938,
4246358,118882,
888330,88419,
888220,89575,
888142,89118,
2245058,NA,
887386,219388,
3312764,NA,
889338,85048,
887354,219474,
763117,85114,
956455,89588,
956284,89034,
763131,88742,
889538,89365,
955517,84248,
962285,175481,
849756,85131,
2245047,NA,
7415796,NA,
849415,87101,
962329,175382,
849404,84088,
763234,155602,
888216,87253,
887416,219272,
958758,97051,
958766,97059,
889369,88185,
956232,83845,
849519,89013,
763250,87882,
887129,219339,
763137,89520,
956068,90404,
887429,219290,
956148,90134,
887365,219495,
887219,219337,
888242,87799,
4637168,478162,
889330,90488,
956117,90754,
887172,219474,
889394,86935,
887159,219449,
956194,88173,
6778648,NA,
889634,88456,
889531,87731,
956362,83663,
887330,219413,
4637061,477049,
889376,83484,
887385,219386,
888865,84986,
889563,88989,
888207,89654,
888254,85966,
962309,175505,
956431,84949,
763196,89561,
849502,83691,
887237,219269,
763111,84259,
763170,88745,
962298,175494,
887291,219229,
956386,90689,
2978720,97055,
958785,97078,
887406,219362,
4636934,478141,
962326,175371,
6778627,NA,
4957633,NA,
763273,89638,
889393,86902,
887195,219424,
4637243,478053,
2245057,NA,
5172319,NA,
4563045,NA,
6124274,NA,
889501,84504,
888050,84873,
849396,85729,
887112,219239,
956139,84636,
5880362,NA,
2978733,97073,
889455,90582,
889416,84229,
962242,175276,
888729,84975,
889552,87852,
849771,85457,
888306,88244,
5770843,90322,
888804,89315,
888807,89624,
888819,85795,
888175,89426,
4637010,478143,
956086,87493,
962312,175508,
962273,175456,
763220,89026,
962240,175274,
956353,83494,
889481,87712,
887337,219442,
956297,87165,
888102,90649,
763127,87506,
956466,85601,
4636997,478210,
956043,83732,
888741,88297,
888395,89184,
888183,83785,
956255,86183,
956260,90653,
956364,83944,
888732,86156,
962346,175451,
956301,85059,
889461,84516,
2245011,NA,
5067445,NA,
2978736,97076,
956342,85600,
887250,219289,
763172,89157,
887222,219342,
956095,89320,
888757,86150,
889602,84504,
888674,87425,
888229,85633,
888124,89104,
888827,88455,
956467,85624,
763253,88742,
955548,83732,
887303,219245,
888248,84090,
888740,88286,
962353,175477,
763227,83690,
888273,85135,
889499,90668,
962292,175488,
763188,86823,
836636,219488,
962336,175400,
5881532,NA,
888059,87246,
887242,219278,
2978727,97066,
849439,86224,
849526,90334,
889613,89134,
6715110,NA,
889328,89265,
887154,219442,
887310,219322,
956308,85616,
888281,87610,
5428255,NA,
4395874,NA,
6778638,NA,
888753,86142,
887194,219423,
887313,219339,
962260,175392,
887136,219375,
888870,86149,
849481,83513,
955547,83731,
763259,89520,
888811,84832,
956235,83925,
7136071,NA,
956435,85847,
888294,89955,
888058,153078,
889568,86452,
956503,86668,
888284,88016,
956404,87036,
888806,89541,
888135,85025,
958774,97067,
962267,175431,
956154,84709,
887261,219305,
963155,186026,
4126742,NA,
763199,90620,
5571290,NA,
763163,86274,
888370,87770,
889543,90028,
888260,86841,
888707,86266,
6904854,NA,
956341,85703,
956203,85325,
6550826,NA,
956292,87208,
956315,87229,
4636994,478235,
888290,89473,
887239,219273,
4637055,478104,
956067,86630,
956374,87412,
956166,84509,
956288,90090,
888801,88325,
888119,84771,
4643457,485423,
888128,88785,
889480,87701,
888144,84763,
888376,84071,
888879,84686,
849500,89237,
4636973,478215,
763175,89983,
889324,86818,
889422,86301,
889633,88450,
956383,86183,
849442,87073,
887173,219476,
888832,90398,
887346,219462,
962362,175487,
763174,89508,
956052,86682,
4637089,478062,
889372,90604,
5428258,NA,
888872,86151,
4637151,478130,
889452,89958,
4636987,478229,
889660,86139,
4637236,478196,
849470,85831,
889609,87740,
763076,90531,
849528,83692,
888728,84941,
888743,88558,
6778643,NA,
888876,89637,
849509,85890,
888869,86147,
962343,175438,
6778619,NA,
888250,84404,
956183,88152,
962263,175412,
887424,219284,
887175,219481,
4637210,478137,
956083,86347,
956076,85747,
4636947,478162,
849477,84208,
956357,89293,
888391,88016,
2978734,97074,
962279,175473,
849435,85687,
849463,85216,
887289,219227,
888191,86834,
888843,84975,
888749,90543,
888081,85806,
4637160,478146,
888373,89692,
956392,87762,
4637215,478154,
763171,88826,
5837161,NA,
962296,175492,
887399,219341,
962305,175501,
956276,86130,
887187,219404,
887371,219412,
4637230,478187,
763216,88368,
963140,186004,
2978718,97051,
956372,83917,
956375,89893,
962359,175484,
955457,83752,
763160,85036,
763119,85761,
4636923,478125,
763139,90071,
4555924,173392,
849525,90333,
849407,85476,
888403,90416,
956510,84979,
956281,85406,
888795,83687,
887431,219293,
849512,86188,
887114,219241,
887377,219426,
956084,88541,
956054,84509,
889449,89476,
888752,85896,
763110,84239,
956310,85857,
889592,86378,
888856,88310,
958765,97058,
963144,186010,
888781,85501,
956376,88682,
963139,186003,
888414,88382,
889641,89738,
849384,85521,
888257,86265,
849409,85889,
887402,219354,
888047,89238,
888160,85965,
763157,NA,
763218,88734,
956318,84339,
888343,97731,
849448,87806,
958769,97063,
888323,88660,
887111,219238,
956448,89901,
889469,88245,
849523,89398,
763130,88287,
849565,86846,
887343,219454,
849457,90019,
4637135,478055,
887224,219352,
956129,85090,
888075,83785,
887382,219381,
887245,219282,
956274,87053,
4637202,478230,
962275,175467,
889389,83899,
888044,88848,
849383,84461,
888841,84940,
888677,89540,
958779,97072,
888193,87128,
888308,88590,
888034,87785,
763260,89584,
956381,86544,
962245,175347,
956351,86241,
888831,89239,
956075,85201,
849446,87756,
956249,87850,
956462,83519,
763266,87753,
763148,88407,
889606,86195,
889342,86835,
888259,86806,
956072,86559,
956512,85470,
889652,87602,
2245005,NA,
889352,89957,
4637157,478141,
849492,84462,
956115,90761,
4637200,478228,
5527615,NA,
956103,85339,
888137,86327,
888378,85047,
888154,89238,
888116,84493,
763066,86823,
4636925,478128,
962241,175275,
889446,87813,
889517,83705,
888713,88455,
849401,89237,
888107,86572,
887418,219276,
4637059,478020,
849444,87197,
956162,89005,
956178,86630,
956368,85696,
4636922,478124,
4637001,478216,
889586,89946,
888791,89540,
956380,88722,
888352,89083,
763105,83690,
888280,87281,
888208,89732,
888264,88165,
889546,84013,
889317,84236,
763084,85171,
956082,89686,
849491,89966,
4636936,478145,
888822,86412,
887121,219260,
849441,87072,
889647,84013,
956428,89121,
4636990,478232,
889441,86525,
888232,87156,
889335,84213,
963143,186009,
889495,88475,
888053,86816,
889547,84425,
763044,87113,
849560,90648,
849515,87234,
889593,86697,
889632,87731,
4637039,478202,
962269,175439,
763256,220665,
889311,87237,
888150,88625,
888334,84766,
956336,88379,
889554,88404,
3366448,NA,
849535,85688,
955514,83950,
763075,90327,
3969982,NA,
956212,NA,
6995182,NA,
956099,83471,
887389,219395,
849436,85688,
887203,219378,
888104,83706,
888825,87384,
962322,175348,
888181,83712,
888292,89655,
888700,84835,
889577,85423,
962249,175369,
962347,175456,
889513,89358,
888402,90037,
888787,87342,
888022,83514,
889663,84755,
888786,87230,
763246,87218,
849386,85964,
889622,85105,
888251,84851,
889553,88391,
956113,88984,
4637235,478194,
956488,84783,
888836,84533,
889516,90342,
889426,87823,
889340,86317,
887126,219322,
887212,219395,
889596,88475,
963149,186020,
962253,175381,
888203,89343,
963141,186005,
4636910,478080,
888296,90416,
2645781,219323,
888393,88557,
956451,87657,
888140,87445,
962323,175365,
2245006,NA,
956057,83460,
888410,86920,
849486,87481,
763082,84953,
956155,89980,
889561,83940,
887238,219272,
887186,219402,
889380,85930,
887430,219291,
956244,84575,
2358254,219431,
888024,83955,
888758,86151,
4637231,478188,
889378,84744,
956193,86347,
2244939,NA,
888712,87985,
955553,83751,
4637103,478074,
888126,86672,
888035,89118,
956377,88648,
763122,86995,
889583,87781,
889566,85532,
889408,86261,
849474,87019,
4636961,478185,
963152,186023,
763096,88734,
849766,88079,
956262,83760,
888036,89289,
956343,85601,
955456,83751,
887263,219307,
956477,90372,
888690,89315,
888239,85923,
889402,84083,
4637035,478194,
889462,84521,
887143,219403,
887206,219383,
849421,89123,
889540,89738,
956233,84178,
962265,175417,
4636919,478106,
889336,84220,
888089,87999,
888200,89183,
888168,87375,
956294,83547,
889549,86148,
4637185,478208,
889618,83705,
763133,89043,
888060,87375,
958787,97080,
4637083,478046,
956457,83640,
888703,84905,
887196,219426,
956484,87477,
956331,89283,
4636986,478228,
889379,85375,
963153,186024,
888125,86658,
963151,186022,
887360,219484,
889628,86707,
888760,86153,
889506,86464,
4636944,478158,
888282,87810,
888228,85371,
763169,87906,
956493,83917,
887094,219080,
888165,87014,
889476,85423,
889445,87612,
887410,219368,
4637122,478096,
888041,87013,
889650,86148,
887422,219281,
889662,83940,
836601,219411,
888680,90290,
888122,88643,
889486,90110,
887259,219302,
763192,87793,
888828,88582,
849484,85826,
849453,89471,
849497,87783,
962310,175506,
888039,84761,
956505,83670,
889403,84407,
887363,219491,
887125,219303,
888390,87811,
5811201,NA,
4637183,478204,
889388,83720,
849418,87784,
763103,90202,
888727,84940,
763154,88342,
887254,219294,
6073272,NA,
956163,84106,
4637240,478203,
956325,89892,
962262,175403,
763095,88583,
763217,88583,
962238,175272,
4637076,478038,
888043,88625,
849494,85522,
889584,88141,
956495,84938,
849552,89470,
889329,90487,
4982049,NA,
888761,87254,
2245060,NA,
888156,90575,
763081,84251,
6331560,NA,
4637242,478206,
962349,175468,
6179666,NA,
887213,219396,
4636937,478146,
889312,87273,
887355,219476,
888327,85459,
956238,84243,
888283,87811,
4166491,NA,
888262,87485,
888676,88902,
888344,84294,
889624,85407,
6239898,NA,
888858,88923,
888779,84917,
887388,219392,
956300,87411,
888341,88626,
889636,88568,
956283,89450,
889454,90044,
4127319,NA,
4636995,477470,
888315,83524,
887275,219321,
889548,86146,
889510,88488,
888704,84906,
888275,85403,
4636949,478168,
763089,86981,
887284,219081,
849388,88161,
888252,85154,
888416,88975,
763232,84239,
888319,85032,
888237,84294,
955477,83933,
889599,90341,
888702,84837,
889397,88850,
956073,88152,
956206,90677,
888049,90575,
888857,88558,
887197,219427,
888322,88526,
5435124,NA,
887099,219226,
888697,84832,
888269,84071,
889567,85642,
5636753,NA,
888118,84770,
888346,85923,
888063,87821,
889477,86067,
6219751,NA,
888797,86155,
887349,219467,
962271,175450,
888076,84112,
887189,219409,
887308,219275,
4637132,478052,
888771,86352,
763112,84282,
888868,86145,
889585,89395,
849559,90034,
889524,86196,
889598,90064,
2245046,NA,
888318,84773,
888353,90703,
4918505,NA,
955533,84445,
956208,83471,
956245,84636,
849464,86076,
849507,85547,
4637111,478083,
888320,87277,
849399,88896,
888287,88741,
888074,83727,
956344,85624,
889406,85946,
888730,85097,
888333,83906,
889465,86135,
888321,87460,
887278,219061,
889626,86641,
888859,89330,
888777,83775,
956128,83925,
889385,89683,
849478,84225,
763046,87514,
888412,87889,
849546,87757,
888078,85046,
888849,86646,
763058,84347,
2782405,97068,
889615,89696,
888337,85922,
887272,219320,
888663,84490,
888710,87104,
888670,86655,
887177,219484,
888816,84837,
763181,84922,
889436,84220,
889387,84149,
889518,84281,
956379,89072,
4637108,478079,
956157,83610,
888759,86152,
889639,89365,
956198,85612,
889295,87159,
889435,84213,
887387,219391,
887287,219092,
887372,219414,
956205,90626,
888853,87318,
849472,86659,
956515,84730,
956502,86654,
956500,89130,
888664,83775,
956061,89963,
887267,219310,
888368,87235,
888755,86147,
5063584,190938,
4637147,478125,
4637065,478026,
888683,86155,
888809,90561,
889541,90004,
888285,88080,
888317,84096,
849403,83691,
889564,83525,
887088,219055,
889521,85105,
889608,86473,
887392,219329,
7323365,NA,
956282,87457,
4637152,478131,
887095,219081,
6385660,NA,
956170,85500,
889603,84907,
4636955,478173,
888685,86253,
888169,87484,
849451,89340,
888838,84839,
4637032,478190,
887274,219315,
888339,87156,
888844,85097,
962276,175468,
849482,84461,
956396,88831,
889484,89395,
849505,84932,
888026,84334,
888240,86548,
889298,89672,
889468,88185,
889489,84792,
888418,84684,
887295,219236,
888129,83514,
889396,87259,
889407,85969,
889535,88568,
888783,86349,
763248,87469,
889589,84376,
4637091,477060,
956273,87778,
888325,88680,
889289,83899,
889625,86196,
888785,86669,
887296,219237,
956171,89962,
25228,NA,
889600,90668,
763213,87186,
849516,87278,
889590,84792,
849412,85990,
763047,87906,
888342,97730,
956334,83481,
963147,186015,
962306,175502,
4637159,478145,
887398,219340,
888226,83906,
956059,85279,
888371,88165,
888748,89734,
962256,175384,
888847,86158,
888397,89473,
889383,88955,
888775,87345,
889348,89440,
958760,97053,
888177,89691,
763186,86064,
887149,219419,
962283,175479,
889444,87611,
888030,86327,
4637238,478200,
4637047,478123,
887321,219377,
888842,84941,
889623,85173,
887277,219317,
956378,85741,
849395,85522,
888667,85327,
4637057,478017,
956416,87924,
889432,84032,
888788,87425,
888770,85505,
888820,86013,
887265,219309,
962299,175495,
849475,87628,
889333,84033,
763040,NA,
889341,86525,
889300,90597,
4636950,478169,
887253,219293,
888689,88936,
956370,89947,
889587,90110,
889344,87611,
889610,87749,
889640,89664,
889332,84032,
956192,89686,
963142,186007,
956152,88542,
763195,89389,
956158,88212,
889526,86647,
887202,219376,
889637,89055,
888672,87230,
889588,83572,
4636941,477054,
836720,219325,
888244,88733,
849567,NA,
889630,87689,
4637009,478142,
4637166,478160,
889595,87185,
962301,175497,
889607,86464,
889302,84083,
887256,219298,
888813,84834,
888117,84772,
888111,89434,
889301,174489,
963146,186013,
888120,86018,
4997891,NA,
888031,86897,
763191,87637,
4637058,478019,
889539,89664,
962307,175503,
888784,86655,
887356,219477,
887320,219375,
889458,84125,
849390,88895,
4636962,477468,
887262,219306,
887264,219308,
956504,88631,
887155,219443,
889557,89714,
889419,85939,
2978737,97077,
836629,219477,
962311,175507,
889565,84919,
763037,NA,
888789,88633,
956063,83911,
888837,84838,
956286,84023,
956277,87036,
889502,84907,
887087,219054,
4636938,478147,
849450,88126,
4636956,478175,
4637112,477050,
956452,86163,
888338,86547,
887266,219311,
849485,85964,
962266,175425,
4637066,478027,
889645,90449,
888679,90151,
888829,89132,
888188,85133,
3623319,NA,
836656,219429,
956339,88645,
849387,87481,
889384,89160,
889485,89946,
889569,86661,
763041,NA,
889544,90449,
4637110,478081,
889482,87781,
763042,NA,
4637094,478067,
889570,86675,
962282,175478,
956058,85500,
888794,90290,
4637100,477057,
849391,89117,
4637172,478173,
888723,84838,
888669,86349,
962278,175472,
956449,88939,
889401,83892,
849469,84918,
763053,89990,
888773,85927,
888324,88675,
888127,88636,
4637124,478099,
889574,84198,
888123,88903,
889322,86301,
763129,88147,
889478,87297,
4637093,478066,
887201,219373,
889575,87408,
849473,86673,
888726,84841,
888332,85385,
4637095,478068,
849392,89966,
888671,86669,
889572,88905,
4637097,478069,
887258,219301,
888233,87453,
4637099,478071,
4637121,478095,
889288,83720,
888725,84840,
849483,85521,
958759,97052,
4637056,478103,
836562,219233,
889377,83913,
849476,88642,
836640,219399,
889291,84195,
888678,90123,
849468,83550,
849479,84187,
888234,88626,
