PCID,TCGID,
7274487,NA,
963926,195065,
1287467,85013,
5108594,NA,
926049,84058,
963609,194964,
6793312,NA,
963207,189150,
6769778,550123,
6769528,550092,
963250,189193,
6769534,550098,
6769730,550070,
963663,195030,
6769570,550134,
963686,195075,
963840,194933,
6769806,550153,
1287508,90776,
887656,226562,
961366,157620,
806724,83822,
5927172,NA,
961544,157626,
6769877,544182,
963678,195065,
887862,226504,
963472,189188,
806612,86009,
925991,85552,
961660,157751,
5861292,NA,
7095327,NA,
6905739,NA,
6769487,550051,
7095332,NA,
806645,89230,
6400086,NA,
961405,157659,
887658,226564,
5431869,NA,
806655,89554,
1287472,87491,
6769615,550179,
806504,86696,
961449,157703,
963842,194935,
1287417,85264,
806614,87658,
7286051,NA,
6769719,550058,
5430046,NA,
1287396,87510,
806673,90297,
806578,87972,
5700095,NA,
806564,85984,
963688,195078,
7128617,NA,
6769514,550078,
5672086,NA,
6869615,NA,
926016,89308,
963757,195226,
6769485,550049,
925996,87341,
963393,189042,
806591,84867,
6769583,550147,
7095323,NA,
886729,86284,
806553,90047,
963655,195021,
7540457,485026,
7540232,NA,
1287446,89109,
963589,194939,
806687,89917,
888507,88184,
961432,157686,
963416,189078,
925947,87845,
963243,189186,
961639,157729,
963934,195075,
963596,194948,
963917,195042,
961433,157687,
888506,87243,
887749,226376,
887670,226578,
1287471,87381,
7095337,NA,
806508,89224,
6769593,550157,
963402,189054,
961492,157746,
6769829,550179,
6769811,550159,
963874,194981,
963720,195152,
6390601,NA,
806561,86930,
6858161,NA,
887571,226379,
4951606,NA,
887704,226544,
961388,157642,
926045,89346,
963280,189223,
963200,189143,
888470,90684,
806740,88410,
963764,195253,
888555,90186,
925910,90329,
887826,226560,
963737,195171,
963751,195215,
7532896,NA,
5769292,NA,
963313,189259,
6769783,550128,
6769566,550130,
887629,226487,
963541,189265,
963617,194974,
6769874,552693,
963568,194918,
7539506,NA,
887698,226533,
6769598,550162,
6397917,NA,
963656,195022,
963326,189271,
6769812,550160,
963673,195059,
963834,194927,
963650,195014,
963812,195125,
888646,85255,
963745,195181,
7095330,NA,
6769729,550068,
963851,194947,
963481,189197,
6135925,NA,
887573,226381,
806594,85015,
963272,189216,
961498,157751,
7532898,485019,
961369,157623,
1287421,86733,
1287515,86286,
888514,85241,
961456,157710,
6769521,550085,
887681,226595,
961556,157638,
963761,195250,
806608,84124,
6769815,550163,
886719,86284,
963318,189264,
963635,194995,
1287375,87381,
1287496,88260,
6740130,NA,
963468,189184,
1287465,90254,
926030,86107,
1287389,84264,
6769737,550078,
806610,85379,
6769764,NA,
6769793,550139,
963346,189301,
887790,226470,
7095334,NA,
888565,83799,
888625,87199,
963955,195132,
7506108,NA,
806632,87938,
6944693,NA,
806500,90548,
961468,157722,
963267,189211,
963984,195179,
961438,157692,
6769600,550164,
963507,189226,
963731,195165,
806512,88943,
963769,195258,
1287345,87148,
6135203,NA,
806648,84752,
963924,195063,
7539416,NA,
887819,226538,
1287439,86330,
806688,85984,
7539507,485024,
3102353,NA,
887677,226590,
6769850,550201,
961538,157619,
963182,189071,
925913,85498,
6769750,550092,
964019,195279,
806596,89695,
963776,195275,
7405343,NA,
963865,194965,
4567724,NA,
963962,195152,
6769527,550091,
887871,226535,
6769624,550188,
887769,226425,
925999,89242,
1287385,83492,
1287424,88595,
806656,89539,
963493,189212,
806625,90548,
6769742,550083,
6769803,550149,
5571446,NA,
963579,194929,
806707,90601,
1287456,86610,
7532897,NA,
963873,194976,
6217612,NA,
806743,89095,
2245019,NA,
888499,90635,
963401,189053,
6769721,550059,
963866,194966,
925930,83792,
961515,157768,
963194,189112,
887739,226361,
963605,194960,
6769702,550267,
963385,189324,
887669,226577,
925899,84948,
887663,226570,
888601,85863,
887651,226555,
887815,226531,
887655,226561,
7540230,NA,
5927159,NA,
963666,195040,
961652,157744,
6769770,550114,
963289,189231,
963573,194923,
963577,194927,
806505,90401,
1287455,86447,
963774,195265,
926023,84865,
963661,195027,
963632,194992,
963940,NA,
963646,195010,
963430,189143,
963759,195229,
6400069,NA,
963909,195026,
6400084,NA,
963331,189277,
963302,189246,
963340,189292,
963961,195151,
961390,157644,
963237,189181,
6769762,550103,
963931,195072,
961607,157692,
963711,195132,
888498,89997,
963161,189043,
887793,226473,
1287486,84310,
806569,86545,
806711,89707,
7629191,NA,
963523,189245,
925911,90381,
806509,84269,
963164,189046,
1287507,90546,
963322,189266,
1287418,85840,
887838,226575,
887617,226470,
963583,194933,
887583,226398,
963969,195162,
887683,226601,
5997848,NA,
6769873,552694,
961618,157704,
963219,189163,
963396,189045,
6769794,550140,
963409,189063,
925963,88846,
842025,226405,
887603,226447,
1287401,88757,
887657,226563,
963695,NA,
886731,83463,
963660,195026,
964003,195251,
887812,226522,
6769761,550102,
888501,85217,
806642,89347,
963271,189215,
961417,157671,
6769714,550053,
6769550,550114,
963799,195294,
963988,195185,
963462,189178,
963773,195264,
963639,195001,
963913,195032,
887794,226476,
926044,89333,
886730,87137,
888450,NA,
925984,87017,
887841,226578,
887638,226521,
887642,226531,
963770,195259,
963218,189162,
963839,194932,
806719,89737,
961501,157754,
963379,189209,
963708,195126,
963177,189062,
961533,NA,
963715,195144,
963614,194971,
887621,226476,
887614,226461,
963261,189204,
964007,195255,
1287481,83492,
963763,195252,
888443,85170,
963404,189058,
963973,195166,
806507,87938,
963760,195231,
7134835,NA,
7540322,NA,
963441,189154,
6769629,550193,
6769536,550100,
963642,195004,
6769830,550180,
963552,189280,
926029,86095,
925940,86230,
963680,195068,
5691918,NA,
963417,189079,
963403,189055,
963684,195073,
963901,195016,
925923,89003,
6400077,NA,
963694,NA,
963980,195173,
963597,194949,
806738,87658,
963254,189197,
887595,226425,
1287371,85013,
806739,88409,
7540228,NA,
963690,195081,
961577,157659,
925954,89346,
961575,157657,
963252,189195,
963308,189254,
6775697,550223,
6400074,NA,
1287351,89596,
925906,87518,
887743,226366,
963309,189255,
806628,86706,
887785,226459,
964006,195254,
806519,87945,
964008,195256,
963838,194931,
806595,89737,
963251,189194,
963554,189283,
963593,194945,
926036,87655,
925915,86345,
926057,84693,
963278,189221,
963891,195002,
961410,157664,
6905877,NA,
963951,195119,
1287361,86880,
926010,88139,
963623,194983,
963693,195091,
963584,194934,
963162,189045,
1287380,88453,
806565,84421,
887612,226458,
6329078,NA,
963713,195142,
887773,226437,
7095322,NA,
806558,88744,
7339860,NA,
6775713,550240,
961510,157763,
963922,195061,
1287392,86644,
963777,195277,
925925,89308,
961474,157728,
806566,88857,
963928,195068,
6206434,NA,
7226083,NA,
963484,189200,
887634,226492,
887764,226412,
1287428,86611,
888599,84440,
963506,189225,
963793,195124,
888621,86171,
6657790,NA,
887564,226370,
806631,86269,
963384,189323,
963429,189142,
963163,189044,
6769843,NA,
806573,87136,
1287450,83772,
6769627,550191,
963651,195015,
1287360,86610,
6769713,550052,
963735,195169,
888584,85113,
887695,226515,
963534,189259,
1287442,87340,
4536069,NA,
887611,226457,
806663,85902,
806601,86802,
2358044,88428,
963765,195254,
7667118,NA,
7095326,NA,
963510,189229,
963337,189287,
963241,189184,
888560,90191,
925962,86709,
806549,90297,
887699,226535,
961601,157686,
6769773,550117,
887868,226518,
2411281,195257,
963619,194976,
806629,86696,
963896,195011,
887874,226542,
806563,89917,
806692,86540,
3515283,NA,
1287373,85919,
7747398,NA,
963856,194952,
6769613,550177,
6769515,550079,
961608,157693,
963159,189041,
806651,NA,
6769833,550183,
2674699,226505,
963196,189116,
6769763,550104,
888455,83746,
963753,195217,
1287383,89766,
806544,85195,
1287497,88699,
6769605,550169,
963880,194987,
6635745,NA,
963683,195072,
5204667,NA,
963802,195298,
963903,195020,
887680,226593,
963881,194988,
887867,226515,
806657,86625,
963294,189236,
963627,194987,
1287376,87491,
6329037,NA,
925914,85786,
925898,84854,
1287386,83791,
887803,226487,
963320,188402,
963329,189274,
6769479,544384,
961370,157624,
963640,195002,
961389,157643,
963816,195314,
887562,226366,
887633,226491,
963921,195059,
888513,90479,
887619,226472,
1287395,87176,
2904786,NA,
963228,189172,
806575,90697,
888463,87792,
806570,90764,
887772,226435,
806597,89271,
887859,226499,
5780671,NA,
806581,83462,
806727,89573,
806702,83846,
6837622,NA,
806650,89739,
7540627,NA,
7540229,485025,
6769817,550165,
963363,189250,
6769616,550180,
1287453,85399,
887594,226423,
963817,195315,
963819,195317,
963804,194943,
887654,226560,
6769540,550104,
806652,NA,
963629,194989,
1287520,88595,
7473231,NA,
888604,87463,
6400083,NA,
963317,189263,
961560,157642,
1287498,88757,
806572,86283,
963548,189273,
888596,83488,
5013676,NA,
6769610,550174,
6769502,550066,
963412,189070,
926040,88129,
888521,83926,
888518,83939,
963298,189242,
806536,89220,
887825,226557,
963423,189111,
888633,88696,
925917,87382,
963448,189164,
6345890,NA,
963911,195029,
7095313,NA,
961499,157752,
963203,189146,
961436,157690,
6769538,550102,
963813,195140,
963832,194925,
963782,194942,
925937,85913,
963734,195168,
961453,157707,
963345,189298,
1287434,88539,
1287393,86645,
1287416,85234,
888574,88324,
1287521,89640,
842148,226508,
887671,226579,
806674,90573,
886728,90672,
887813,226526,
1287519,88216,
963728,195162,
6261550,485014,
963600,194952,
887652,226556,
963952,195126,
5907651,NA,
7095314,NA,
1287457,86880,
7226080,NA,
806709,89481,
6718293,NA,
6769716,550055,
6769724,550062,
961572,157654,
961602,157687,
6769725,550063,
887765,226413,
925926,89944,
926025,85087,
963953,195128,
963967,195157,
6769821,550169,
6775719,550246,
961657,157748,
806568,86540,
888651,88390,
806537,85567,
806694,90764,
6769639,550203,
1287367,89972,
887700,226539,
1287518,88179,
7095335,NA,
926006,86345,
925903,NA,
806515,89251,
806530,84375,
3521581,NA,
6769551,550115,
6775626,550222,
887858,226498,
961440,157694,
963352,189305,
963698,195103,
6769710,550049,
963610,194965,
963968,195161,
1287483,84022,
963375,189157,
806571,90756,
963883,194990,
963830,194923,
887607,226452,
961450,157704,
963853,194949,
6769531,550095,
963701,195106,
4565847,NA,
806646,85409,
7095320,NA,
1287470,86415,
806518,87018,
806559,88736,
6134030,NA,
7539504,NA,
6775735,NA,
6769745,NA,
6769810,NA,
6769500,NA,
963431,NA,
6769787,NA,
963562,NA,
963260,NA,
963295,NA,
963288,NA,
963321,NA,
963292,NA,
963391,NA,
963191,NA,
963277,NA,
961403,NA,
6769496,NA,
6769751,NA,
963324,NA,
963245,NA,
6775696,NA,
6769796,NA,
961500,NA,
961642,NA,
961541,NA,
961623,NA,
961457,NA,
6769767,NA,
961598,NA,
961496,NA,
963530,NA,
961656,NA,
961655,NA,
961621,NA,
961557,NA,
961614,NA,
961445,NA,
961553,NA,
6769771,NA,
6775688,NA,
6769609,NA,
6769535,NA,
6769849,NA,
961425,NA,
6769712,NA,
6775689,NA,
961634,NA,
6769636,NA,
6769620,NA,
6769834,NA,
6769572,NA,
6769580,NA,
963299,NA,
961431,NA,
2423716,NA,
6769749,NA,
6769594,NA,
961522,NA,
961461,NA,
6880790,NA,
5769193,NA,
963247,NA,
961571,NA,
961364,NA,
4877823,NA,
6775708,NA,
5076784,NA,
6769700,NA,
963356,NA,
6769734,NA,
6837186,NA,
961579,NA,
963303,NA,
6769590,NA,
963445,NA,
6769807,NA,
6858157,NA,
961632,NA,
6775734,NA,
963388,NA,
6769625,NA,
6769493,NA,
961631,NA,
961480,NA,
6769820,NA,
961527,NA,
6769848,NA,
963427,NA,
6769489,NA,
6769506,NA,
961506,NA,
6769765,NA,
961482,NA,
961419,NA,
963376,NA,
961401,NA,
961384,NA,
961441,NA,
961617,NA,
961616,NA,
961552,NA,
963452,NA,
961644,NA,
963395,NA,
6769499,NA,
6775724,NA,
963358,NA,
963210,NA,
963257,NA,
963522,NA,
963424,NA,
6769847,NA,
6769523,NA,
6769805,NA,
6769826,NA,
961578,NA,
6769775,NA,
6769526,NA,
6775715,NA,
6769626,NA,
6769486,NA,
6769804,NA,
6769488,NA,
6769845,NA,
963645,195009,
1287358,85515,
887668,226576,
926039,88097,
887817,226534,
963447,189163,
6659116,NA,
806517,89347,
887872,226539,
961529,157782,
888549,90180,
963733,195167,
925980,85322,
925912,90533,
963932,195073,
6769553,550117,
4934318,NA,
887737,226360,
7095329,NA,
6124813,NA,
963571,194921,
963898,195013,
806574,87137,
5386057,NA,
886720,83463,
806622,89804,
6769481,550045,
961620,157708,
963264,189206,
963249,189192,
963311,189257,
963868,194971,
806712,89349,
961426,191618,
963758,195227,
961619,157705,
888421,83540,
1287363,88279,
963392,189041,
806567,88917,
963647,195011,
806606,85507,
888517,87358,
887848,226590,
961407,157661,
887702,226542,
888511,89231,
888488,88266,
887796,226480,
963729,195163,
963595,194947,
7532410,485013,
963215,189160,
1287459,88279,
806720,89695,
1287354,83772,
963857,194957,
7273960,NA,
5807004,NA,
888457,84440,
925897,90145,
6769798,550144,
887837,226574,
887676,226589,
963444,189160,
888660,83939,
925935,85088,
963927,195066,
887809,226517,
806746,89804,
963960,195146,
963884,194991,
964020,195283,
961573,157655,
887697,226530,
963846,194939,
806736,86009,
6737288,NA,
961613,157699,
7322445,NA,
6769736,550077,
6469322,NA,
7682232,NA,
6769568,550132,
6769501,550065,
963187,189082,
925969,86210,
963971,195164,
963380,189314,
963707,195122,
961606,157691,
963195,189114,
888550,90181,
926031,86230,
806586,83627,
926026,85088,
1287414,84988,
4199233,NA,
1287350,89109,
806552,88006,
2775133,85883,
963675,195062,
887866,226514,
963432,189145,
888467,89190,
7539368,NA,
887623,226480,
963608,194963,
6769555,550119,
1287512,85234,
806638,89444,
6769492,550056,
5705717,NA,
806637,88943,
963353,189306,
6769614,550178,
887843,226584,
925901,86016,
926019,90286,
1287398,87884,
963790,195053,
842110,226568,
887606,226451,
806587,89707,
887567,226373,
887864,226507,
1287369,90254,
963970,195163,
887792,226472,
963905,195022,
6769774,550118,
963912,195030,
6769846,550197,
888490,88449,
887754,226382,
963483,189199,
6769638,550202,
7095317,NA,
888515,88337,
6685714,NA,
888478,85783,
6907073,NA,
887673,NA,
806679,85860,
6736425,NA,
888452,89503,
806588,89349,
963958,195144,
963327,189272,
2775140,85448,
1287378,88171,
963425,189114,
806539,85902,
963719,195151,
887732,226510,
963549,189274,
963972,195165,
963870,194973,
6769854,550205,
806624,88549,
963451,189167,
6628322,NA,
6769569,550133,
887647,226540,
806669,85104,
888647,85520,
926028,85913,
887763,226411,
806745,89630,
963689,195080,
1287505,90080,
6769601,550165,
961570,157652,
963397,189046,
925896,89924,
4628775,NA,
2244948,NA,
806551,88971,
963923,195062,
887631,226489,
963908,195025,
806613,87269,
961649,157741,
926024,84960,
7095311,NA,
961437,157691,
806698,90697,
963696,NA,
963323,189267,
7274735,NA,
925944,87511,
963869,194972,
1287403,89442,
887693,226507,
806706,86322,
6769769,550113,
6769731,550071,
1287441,87148,
3619265,NA,
926034,87263,
7540233,NA,
963687,195077,
887625,226482,
961379,157633,
3177581,195257,
888612,90684,
887609,226455,
888440,84174,
806584,87596,
963722,195154,
963490,189206,
926046,89371,
888503,85235,
964002,195250,
4830164,NA,
963942,NA,
963725,195157,
806630,90401,
887678,226591,
806510,88489,
6769565,550129,
963887,194994,
963944,195104,
887789,226469,
963741,195175,
888502,85223,
1287469,85919,
6769744,550086,
2244950,NA,
961399,157653,
963263,188405,
963189,189088,
926003,90533,
887839,226576,
888547,90178,
806546,83571,
1287419,86286,
887758,226396,
963587,194937,
963594,194946,
1287494,87884,
963268,189212,
4565846,NA,
887852,226595,
1287493,87687,
887690,226503,
6390603,NA,
806691,88917,
806579,83846,
963262,189205,
888469,90664,
887783,226457,
6769585,550149,
806683,88736,
961645,157736,
963434,189147,
887601,226439,
888630,88266,
888583,84365,
887659,226565,
806527,83901,
887597,226427,
806735,85901,
887850,226592,
2244993,91601,
806506,86269,
887624,226481,
963900,195015,
5810616,NA,
806585,89481,
1287381,88454,
963964,195154,
6243430,NA,
963555,189284,
963820,195320,
926032,86231,
963848,194944,
7095315,NA,
806556,84827,
6769619,550183,
887741,226364,
888462,87463,
887637,226519,
4135667,226607,
888491,88696,
6769856,550207,
961476,157730,
961374,157628,
963166,189048,
6775716,550243,
6775711,550237,
963419,189084,
925974,86554,
887757,226394,
963677,195064,
963798,195293,
887733,226525,
887808,226516,
887855,226602,
888654,89419,
1287357,85399,
963612,194967,
6769841,550192,
961484,157738,
963844,194937,
806557,85005,
925893,87017,
963762,195251,
888593,89361,
963709,195128,
963736,195170,
887807,226492,
6341886,NA,
963631,194991,
887649,226552,
5591298,NA,
963981,195174,
961458,157712,
925919,88139,
2775124,87354,
1287448,89987,
7410765,181128,
7532893,NA,
963574,194924,
926000,90062,
806626,86417,
963676,195063,
6769637,550201,
963933,195074,
961481,157735,
6858158,NA,
961477,157731,
1287429,89564,
887569,226376,
961367,157621,
6769808,550155,
1287478,89016,
887593,226419,
888433,89305,
806618,88808,
888512,89419,
806742,88808,
806627,83774,
7148892,NA,
963622,194982,
4634506,NA,
1287489,86645,
806577,89248,
6400080,NA,
806689,84421,
806701,87972,
963835,194928,
6775625,550238,
963992,195215,
887706,226389,
963925,195064,
961467,157721,
806528,NA,
964017,195275,
887566,226372,
888453,90129,
806695,90756,
963706,195119,
806654,84375,
887829,226563,
6769541,550105,
961387,157641,
4780435,NA,
887798,226482,
6769795,550141,
963498,189217,
7095325,NA,
7539510,NA,
963618,194975,
1287480,90491,
806697,87136,
806660,89220,
7148893,NA,
6769587,550151,
963976,195169,
2775144,86784,
6769709,550048,
6769599,550163,
806718,85015,
963422,189109,
6769876,544180,
961396,157650,
926020,83638,
961452,157706,
963276,188406,
963814,195150,
887857,226493,
963350,189318,
963230,189174,
888481,86640,
806693,86545,
806731,85586,
963811,195090,
887679,226592,
806520,89230,
961423,157677,
963861,194961,
888482,87199,
886726,90700,
963882,194989,
961584,157666,
887666,226574,
1287365,88830,
806548,85973,
1287394,87050,
1287516,86359,
963904,195021,
963266,189210,
5997787,NA,
961382,157636,
887627,226485,
888510,88411,
806543,85163,
925978,83511,
925966,84693,
806562,89432,
887661,226567,
7148895,NA,
806749,86166,
926041,88130,
6769567,550131,
888643,85217,
6769516,550080,
6685804,NA,
961596,157681,
963852,194948,
6775687,550212,
963364,189320,
1287346,87340,
2989164,226585,
887746,226372,
963606,194961,
6769482,550046,
1287359,86447,
806684,88747,
806699,NA,
7540227,NA,
6875091,NA,
806686,89432,
925902,NA,
7532895,485018,
4563081,NA,
963599,194951,
925939,86107,
5672078,NA,
2245055,NA,
806741,88655,
888644,85223,
964005,195253,
1287415,85187,
5923985,NA,
5691746,NA,
1287499,88823,
7095333,NA,
7047654,NA,
887615,226468,
887806,226491,
6769733,550074,
961439,157693,
925952,89004,
806666,90425,
806713,90669,
963544,189268,
964011,195259,
6775718,550245,
963580,194930,
963986,195181,
842024,226401,
963679,195066,
888494,89414,
887570,226378,
806708,87596,
806696,86283,
4658106,NA,
6769868,552687,
963989,195192,
886732,86323,
963344,189297,
6837671,NA,
887596,226426,
963829,194922,
963235,189179,
963491,189210,
6769823,550171,
7095321,NA,
806710,83627,
926052,85519,
806550,90573,
963966,195156,
6390606,NA,
963772,195263,
961455,157709,
6769518,550082,
887750,226378,
6769547,550111,
806705,83462,
6769741,550082,
963407,189061,
6769584,550148,
6769582,550146,
961569,157651,
6769728,550066,
6769628,550192,
963818,195316,
888632,88449,
887687,226498,
963974,195167,
925943,87263,
888585,85170,
806678,88444,
963516,189235,
4913528,NA,
6400087,NA,
6769519,550083,
887828,226562,
963626,194986,
7442527,NA,
806704,84881,
887563,226368,
6769490,550054,
887811,226521,
963328,189273,
6769548,550112,
963170,189054,
6400079,NA,
806633,89224,
6400066,NA,
887753,226381,
2358038,90528,
806668,NA,
6769579,550143,
806737,87269,
963426,189116,
887787,226461,
7051675,NA,
963748,195192,
6769511,550075,
961622,157710,
6769544,550108,
6769857,550208,
6769483,550047,
961605,157690,
963236,189180,
963463,189179,
961400,157654,
6769875,552688,
961540,157622,
961428,157682,
25438,226607,
963591,194941,
806589,90669,
806676,88006,
963998,195226,
963561,189294,
963747,195185,
963721,195153,
963738,195172,
6769606,550170,
806511,84267,
964015,195265,
963590,194940,
888451,89361,
925986,89356,
888616,84550,
925994,NA,
1287501,89496,
1287409,90080,
888637,89456,
1287485,84264,
1287382,89016,
806611,85901,
806522,83948,
5997245,NA,
925950,88130,
963990,195194,
7226055,NA,
887801,226485,
963550,189276,
7746761,NA,
6769789,550134,
6769707,550047,
961412,157666,
6769809,550157,
963223,189167,
961650,157742,
963716,195145,
963478,189194,
963398,189047,
925922,88854,
6775733,550260,
842056,226459,
963641,195003,
963576,194926,
963492,189211,
963625,194985,
806649,85506,
887587,226409,
963878,194985,
842151,226518,
6685713,NA,
6769480,552698,
926058,87366,
887605,226449,
2158266,226505,
963957,195143,
806531,89554,
806582,86322,
1287447,89596,
887635,226516,
964014,195264,
806716,84856,
806671,89480,
963746,195183,
5134939,NA,
5571450,NA,
6769860,550211,
1287408,90061,
2775130,85377,
963607,194962,
806535,87930,
963354,189307,
925975,86553,
887716,226597,
926017,89944,
888542,90173,
887650,226553,
887686,226493,
888535,88783,
1287410,90445,
4780181,NA,
806728,84046,
887694,226514,
961545,157627,
6769621,550185,
888473,84355,
887685,226603,
963895,195010,
963339,189291,
961626,157714,
925964,88893,
887561,226365,
1287384,90491,
888614,84305,
806690,88857,
963724,195156,
961429,157683,
963274,189218,
961391,157645,
1287400,88699,
887856,226603,
888458,84498,
963500,189219,
961583,157665,
6769542,550106,
963222,189166,
963668,195042,
963167,189049,
963169,189053,
963704,195113,
6775701,550227,
887589,226412,
963892,195003,
806598,84743,
888650,88235,
806635,88489,
887644,226534,
7540444,NA,
963304,189248,
963809,195008,
887608,226453,
6769827,550176,
6769517,550081,
1287374,86415,
963836,194929,
841997,226361,
6346976,NA,
806609,85335,
7095318,NA,
963778,195279,
961487,157741,
6769647,550211,
6769837,550188,
963332,189280,
963307,189253,
6769576,550140,
963662,195029,
963756,195220,
963239,189182,
7306491,NA,
806620,89105,
6769578,550142,
963202,189145,
961502,157755,
963888,194995,
888432,88324,
888661,84540,
2775137,85468,
887726,226550,
961559,157641,
888554,90185,
887722,226529,
806592,84856,
963420,189088,
963413,189071,
806721,89271,
6400073,NA,
1287344,87059,
806717,89767,
963767,195256,
887786,226460,
806545,85104,
963949,195113,
806554,88444,
961375,157629,
925948,88097,
806604,84046,
888653,89231,
6769575,550139,
961629,157719,
806534,84444,
887851,226593,
961530,157783,
963466,189182,
963524,189246,
963291,189233,
963862,194962,
925976,88638,
888566,85417,
925932,84865,
806599,83830,
888635,89344,
963586,194936,
1287491,87176,
925995,86680,
888595,90129,
887818,226537,
1287513,85264,
888454,83488,
6769491,550055,
964018,195277,
887865,226508,
888620,85783,
806600,83822,
842146,226504,
964004,195252,
888519,84540,
963406,189060,
1287387,84022,
6626876,NA,
888552,90183,
806647,83948,
806533,86625,
1287468,85797,
961594,157678,
6769525,550089,
963335,189284,
3521583,NA,
963565,189298,
886724,83902,
842015,226384,
925889,85322,
842034,226424,
887847,226589,
963171,189055,
926009,87625,
963253,189196,
1287379,88268,
6400072,NA,
887770,226426,
806623,84886,
888483,87685,
963947,195110,
887821,226552,
963240,189183,
963604,194959,
963946,195106,
887665,226572,
963825,194919,
1287413,84246,
887870,226533,
6775699,550225,
963941,NA,
963929,195069,
6769549,550113,
1287514,85840,
6769711,550050,
963766,195255,
6769802,550148,
963206,189149,
806667,85163,
961585,157667,
5013675,NA,
1287487,86192,
963515,189234,
7095328,NA,
963658,195024,
961385,157639,
6769855,550206,
963502,189221,
963258,189201,
961627,157715,
963514,189233,
6769512,550076,
887759,226398,
887684,226602,
887833,226567,
7539509,485022,
925891,85774,
963781,194917,
5972116,NA,
806653,89139,
806662,85570,
887618,226471,
887799,226483,
806730,85507,
963945,195105,
887558,226360,
886725,85196,
961371,157626,
1287504,90061,
963643,195005,
887560,226364,
6874930,NA,
963965,195155,
806675,88971,
926038,87845,
961490,157744,
888564,83616,
806677,90047,
6400065,NA,
6769522,550086,
961599,157684,
806703,86166,
6138816,NA,
3515284,NA,
6769859,550210,
6769524,550088,
6769788,550133,
963186,189079,
963850,194946,
806616,88410,
961434,157688,
961568,157650,
925959,84727,
5672089,NA,
961469,157723,
963242,189185,
963855,194951,
963214,189159,
926021,83792,
6769759,550100,
963582,194932,
926018,90164,
887714,226569,
887711,226549,
963367,189282,
887745,226370,
963983,195176,
963791,195089,
1287445,88251,
888449,86906,
1287495,87885,
961422,157676,
963436,189149,
888556,90187,
887860,226502,
926048,89935,
806532,89539,
887755,226383,
1287461,88830,
888553,90184,
887703,226543,
963293,189235,
806732,84124,
963633,194993,
6769723,550061,
963879,194986,
963943,195101,
1287370,84257,
2245056,NA,
963742,195176,
6769494,550058,
925916,86582,
806538,85570,
926035,87511,
806734,85379,
963578,194928,
6769552,550116,
963648,195012,
961663,157621,
1287440,87059,
961564,157646,
6858159,NA,
888487,88258,
6769704,550269,
6769852,550203,
6769503,550067,
7532899,NA,
961478,157732,
6769786,550131,
6779884,NA,
961488,157742,
6769717,550056,
963518,189237,
963499,189218,
963560,189292,
963902,195019,
963849,194945,
963494,189213,
963415,189075,
963457,189173,
963601,194953,
6775730,550257,
888474,84550,
888546,90177,
1287407,89859,
888658,84685,
888587,86105,
963930,195070,
925997,87518,
6628321,NA,
1287460,88365,
6775710,550236,
887590,226413,
963723,195155,
888504,85255,
963985,195180,
888652,88411,
4567723,NA,
963740,195174,
963710,195131,
6769588,550152,
887682,226600,
963330,189276,
963700,195105,
925942,87133,
6769554,550118,
6769539,550103,
1287458,87776,
6948761,NA,
806524,85506,
6769595,550159,
6769543,550107,
961368,157622,
6769559,550123,
6769780,550125,
888516,84685,
6769604,550168,
961473,157727,
6769797,550143,
961416,157670,
963937,195080,
961454,157708,
961628,157716,
886721,86323,
963501,189220,
2670217,NA,
5529001,NA,
887710,226443,
1287462,89563,
3521584,NA,
887568,226374,
1287412,90776,
963859,194959,
806641,85789,
961604,157689,
806607,85586,
6400081,NA,
963575,194925,
964013,195263,
806513,89444,
1287343,86330,
926033,87133,
926055,88893,
888607,88484,
963443,189159,
963654,195020,
926015,89282,
888471,84277,
888628,88127,
6769777,550122,
1287399,87885,
963730,195164,
6775723,550250,
4913530,NA,
6226362,NA,
887689,226502,
6769792,550137,
963727,195161,
1287372,85797,
806681,85005,
961565,157647,
806722,84743,
963411,189068,
6769743,550085,
6769718,550057,
963270,189214,
963221,189165,
806685,86930,
963511,189230,
963224,189168,
963301,189245,
963551,189277,
961494,157747,
1287464,90121,
963525,189247,
961381,157635,
1287511,85187,
963569,194919,
963807,194980,
806664,88106,
888642,84537,
806634,84269,
887636,226517,
963959,195145,
3951710,NA,
1287348,87834,
887653,226557,
888460,86605,
887613,226460,
961659,157750,
925955,89371,
964012,195262,
887660,226566,
888608,88999,
1287492,87510,
925985,88963,
806748,88549,
1287391,86192,
1287411,90546,
926050,84727,
6814342,NA,
963771,195262,
963611,194966,
963975,195168,
888598,84345,
6769732,550072,
963827,194918,
888561,90192,
888548,90179,
6769646,550210,
6769782,550127,
888659,87358,
961542,157624,
963229,189173,
963755,195219,
963248,189191,
961424,157678,
963864,194964,
963418,189082,
806672,85973,
963479,189195,
961592,157674,
963685,195074,
963180,189068,
6769748,550090,
887805,226489,
963233,189177,
6775705,550231,
887761,226405,
887788,226468,
963726,195158,
925983,NA,
888615,84355,
1287449,90666,
888520,90473,
6775690,550215,
888438,90252,
926013,88854,
887781,226455,
963616,194973,
1287435,88538,
963535,189260,
888537,NA,
1287423,88216,
963461,189177,
6769740,550081,
887834,226570,
888578,89614,
926037,87656,
925905,87341,
806503,83774,
6769563,550127,
963914,195033,
806602,86072,
887875,226543,
6769727,550065,
963634,194994,
2189391,NA,
961383,157637,
963703,195111,
888461,87015,
6769832,550182,
961555,157637,
963841,194934,
806661,85567,
925936,85768,
6769706,550045,
961427,157681,
888464,88471,
963476,189192,
1287490,87050,
963563,189296,
963508,189227,
6769776,550120,
963227,189171,
964000,195229,
6769766,550109,
963665,195033,
6400070,NA,
5387246,NA,
842097,226554,
842004,NA,
887744,226368,
963372,189052,
963630,194990,
806555,85860,
1287506,90445,
1287463,89972,
963624,194984,
961435,157689,
1287443,87517,
887771,226427,
888559,90190,
887674,226586,
806576,90699,
806615,88409,
887639,226522,
961638,157728,
6769581,550145,
6769529,550093,
961624,157712,
5608613,NA,
6769825,550173,
6769564,550128,
1287454,85515,
961409,157663,
961586,157668,
963208,189151,
961597,157682,
5705709,NA,
926042,88621,
963305,189249,
926001,90329,
961486,157740,
963528,189253,
4126389,NA,
961539,157620,
963956,195142,
925956,89587,
7211891,NA,
963564,189297,
6769561,550125,
961661,NA,
925920,88518,
887736,226536,
1287362,87776,
6769758,550099,
963739,195173,
806723,83830,
887842,226579,
806636,84267,
7095304,NA,
1287466,84257,
963897,195012,
3396578,NA,
806747,84886,
7540687,485039,
1287438,83510,
925982,85774,
887588,226411,
961581,157663,
1287452,84488,
963671,195047,
6769840,550191,
887768,226424,
806715,84867,
963919,195045,
887844,226585,
888496,89620,
6769641,550205,
806682,88744,
887641,226527,
961643,157734,
961526,157779,
6769498,550062,
6769532,550096,
963158,189040,
961588,157670,
963920,195047,
841998,226362,
963519,189241,
6769530,550094,
6775732,550259,
963792,195290,
887849,226591,
806605,84816,
963847,194940,
961415,157669,
888484,87842,
888472,84305,
963682,195070,
963977,195170,
887869,226530,
806643,87018,
1287479,89766,
888493,89344,
887574,226382,
925967,87366,
887861,226503,
1287475,88268,
888505,85520,
6769596,550160,
6400078,NA,
5807283,NA,
6769497,550061,
963877,194984,
926043,89004,
961635,157725,
806665,88523,
961563,157645,
6769768,550111,
963681,195069,
963815,195160,
6769640,550204,
963485,189201,
963566,189301,
1287451,83895,
963482,189198,
961636,157726,
6769631,550195,
963978,195171,
1287477,88454,
963174,189060,
961591,157673,
961580,157662,
926012,88606,
5770880,NA,
961536,157789,
1847444,NA,
842163,226604,
888613,84277,
6245933,NA,
888429,87291,
888477,85765,
963899,195014,
887584,226399,
888529,90112,
926051,85212,
1287431,90255,
961408,157662,
963702,195110,
963938,195081,
963628,194988,
925918,87625,
887816,226532,
1287364,88365,
6775737,550264,
1287422,88179,
888558,90189,
6769746,550088,
887610,226456,
806744,89105,
963556,189285,
6769520,550084,
961392,157646,
961462,157716,
6347069,NA,
6769814,550162,
963465,189181,
963521,189243,
963876,194983,
963325,189269,
963602,194957,
5791985,NA,
963871,194974,
963179,189066,
961376,157630,
888475,85081,
6769760,550101,
963823,195332,
888426,85548,
6769851,550202,
888573,88277,
887823,226555,
888648,87243,
963649,195013,
806541,88523,
887779,226451,
963442,189155,
888442,85113,
806547,89480,
963669,195043,
961489,157743,
1287425,89640,
887582,226396,
963592,194944,
961593,157676,
6769838,550189,
6870160,NA,
887762,226409,
963749,195194,
6769571,550135,
888636,89414,
888641,90635,
925929,83638,
963503,189222,
6769784,550129,
1287473,87816,
963275,189219,
961630,157720,
963269,189213,
963287,189229,
963160,189042,
963192,189111,
963399,189048,
963165,189047,
963244,189187,
963172,189058,
963487,189203,
961646,157738,
961611,157697,
963458,189174,
888531,90154,
887598,226435,
842133,226594,
888497,89857,
887804,226488,
1287476,88453,
887795,226478,
806501,86417,
888500,84537,
887824,226556,
888446,86114,
887664,226571,
888459,85863,
963750,195214,
806580,84881,
1287482,83791,
963910,195027,
887814,226527,
806725,86802,
888586,86092,
963826,194920,
961406,157660,
887780,226452,
6769824,550172,
6769507,550071,
6769828,550177,
961464,157718,
6769586,550150,
963470,189186,
6769715,550054,
2244947,NA,
963283,189226,
1287402,88823,
963520,189242,
963743,195179,
1287500,89442,
963212,189155,
961547,157629,
887747,226373,
888527,88967,
963808,194999,
6769822,550170,
963173,189059,
806700,NA,
4565844,NA,
887604,226448,
806525,89739,
887591,226415,
961420,157674,
842078,226490,
888571,87291,
963588,194938,
963659,195025,
6769533,550097,
888486,88127,
888444,86092,
963886,194993,
6769722,550060,
806502,86706,
961546,157628,
6518340,NA,
887800,226484,
887742,226365,
963480,189196,
6769589,550153,
925938,86095,
887820,226540,
887827,226561,
6769813,550161,
963220,189164,
6769611,550175,
887616,226469,
6769800,550146,
961633,157723,
963336,189285,
961590,157672,
961418,157672,
842165,226546,
961475,157729,
963546,189271,
6769484,550048,
961495,157748,
963557,189287,
888551,90182,
963486,189202,
6769597,550161,
963334,189283,
806514,91249,
926027,85768,
888508,88235,
1287444,87834,
887831,226565,
963935,195077,
888603,87015,
963621,194981,
963699,195104,
806516,85789,
887810,226519,
887853,226600,
888619,85765,
6775698,550224,
1287502,89506,
6400067,NA,
6769756,550097,
887701,226541,
887575,226383,
925958,84058,
961470,157724,
6769703,550268,
888568,85548,
961444,157698,
6769836,550187,
961448,157702,
963783,194954,
888655,90479,
6769556,550120,
963744,195180,
6769573,550137,
963854,194950,
963559,189291,
963455,189171,
887752,226380,
6769839,550190,
963581,194931,
1287484,84104,
963184,189075,
6769510,550074,
963553,189281,
6769635,550199,
963572,194922,
6769738,550079,
6769630,NA,
963297,189241,
963540,188402,
963653,195019,
961511,157764,
2290676,226371,
963795,195149,
887724,226387,
2920637,226605,
963652,195016,
806680,84827,
963405,189059,
925971,88964,
963296,189238,
925941,86231,
887791,226471,
963670,195045,
806593,89767,
842011,226380,
1287404,88260,
3920951,NA,
963615,194972,
806583,90601,
1287377,87816,
963183,189073,
963460,189176,
1287388,84104,
925953,89333,
926054,88846,
961662,157754,
964010,195258,
961365,157619,
961443,157697,
963504,189223,
963333,189281,
961637,157727,
963454,189170,
842094,226551,
888536,84150,
925888,83801,
887846,226587,
1287368,90121,
888562,90193,
961386,157640,
963438,189151,
806644,87945,
963775,195266,
2674695,NA,
887646,226538,
925981,85551,
963598,194950,
925951,88621,
961397,157651,
6769574,550138,
888645,85235,
926007,86582,
887643,226532,
925965,89852,
6782216,NA,
963526,189248,
6769508,550072,
6769801,550147,
961589,157671,
963477,189193,
6376806,NA,
963915,195040,
963512,189231,
926056,89852,
6769546,550110,
925998,88839,
926002,90381,
888540,90171,
963806,194970,
888456,84345,
888662,90473,
887715,226581,
887620,226473,
963889,194996,
963950,195118,
1287503,89859,
887876,226544,
1287510,84988,
887740,226362,
926053,86709,
6775695,550220,
961442,157696,
6769708,550046,
1287436,89610,
6769592,550156,
961550,157632,
961582,157664,
961413,157667,
6769607,550171,
806621,89630,
963216,189161,
961595,157677,
963279,189222,
806617,88655,
961372,157625,
961532,157785,
963312,189258,
963982,195175,
925931,84397,
5732834,NA,
806659,87930,
842122,226582,
887709,226431,
806639,91249,
888436,89614,
1287488,86644,
886727,89249,
963667,195041,
842101,226558,
887802,226486,
806733,85335,
963885,194992,
961479,157733,
888631,88309,
806714,NA,
1287356,84488,
963954,195131,
925907,88839,
887751,226379,
963831,194924,
806729,84816,
961551,157633,
961463,157717,
6769701,550266,
963543,189267,
925927,90164,
2244949,NA,
6880788,NA,
963488,189204,
2244959,NA,
961576,157658,
961537,157618,
925961,85519,
961561,157643,
961548,NA,
925933,84960,
963805,194956,
963234,189178,
963531,189256,
963533,189258,
963664,195032,
926047,89587,
887667,226575,
1287426,84489,
963784,194955,
961625,157713,
5529002,NA,
888590,86375,
888485,87881,
925977,88637,
888626,87842,
2244994,280504,
1287397,87687,
887778,226449,
888544,90175,
963822,195330,
963351,189158,
961609,157695,
963538,189263,
1287349,88251,
888476,85478,
961562,157644,
5837163,NA,
963204,189147,
2244960,NA,
6775729,550256,
961472,157726,
961508,157761,
961647,157739,
961485,157739,
888657,NA,
961600,157685,
963290,189232,
888538,90169,
7667630,NA,
842114,226573,
888468,89354,
887723,226545,
888430,87831,
963603,194958,
963833,194926,
6775700,550226,
2425555,226588,
6775691,550216,
806603,89573,
2411280,195218,
963475,189191,
888618,85478,
925992,86016,
6769785,550130,
7532892,485010,
1287353,90666,
925957,89935,
6769509,550073,
6769558,550122,
6769842,550193,
961651,157743,
6769819,550167,
963421,189094,
961491,157745,
6769545,550109,
961483,157737,
963225,189169,
887873,226541,
963536,189261,
963201,189144,
963496,189215,
961377,157631,
963697,195101,
963389,189290,
2674805,226453,
806499,124015,
925949,88129,
963361,189316,
806542,90425,
6769757,550098,
6775703,550229,
888594,89503,
926008,87382,
886733,90602,
925924,89282,
925895,89356,
887766,226415,
963800,195295,
887640,226526,
6769557,550121,
6769754,550096,
963357,189310,
888434,89314,
6769752,550094,
963368,189288,
961402,157656,
961641,157731,
3399237,NA,
961534,157787,
961430,157684,
961466,157720,
963246,189189,
6769790,550135,
961459,157713,
963539,189264,
963545,189269,
887784,226458,
963789,195007,
887713,226559,
889867,89566,
6769644,550208,
888570,86341,
1287430,90122,
963803,195344,
3923236,NA,
888479,86171,
925945,87655,
1287433,85276,
963343,189296,
887782,226456,
6775720,550247,
888617,85081,
6769591,550155,
6769739,550080,
963453,189169,
963285,189228,
926014,89003,
963366,189279,
6775709,550235,
963256,189199,
963987,195183,
963226,189170,
961503,157756,
963505,189224,
961549,157631,
806619,89095,
963467,189183,
888629,88258,
888576,89314,
961648,157740,
963963,195153,
963918,195043,
888622,86227,
6769608,550172,
806590,90671,
2189390,221312,
887626,226483,
806523,84752,
963474,189190,
6775722,550249,
963948,195111,
888606,88471,
6769642,550206,
963433,189146,
963185,189078,
963394,189043,
963796,195159,
963437,189150,
925989,84854,
961658,157749,
963211,189154,
963527,189252,
961378,157632,
963197,189120,
963319,188403,
963439,189152,
963907,195024,
887738,226513,
842044,226441,
888526,87298,
963821,195321,
888545,90176,
963314,189260,
1287517,86733,
888569,86206,
963794,195139,
964016,195266,
888466,88999,
806670,83571,
963255,189198,
963157,188401,
961525,157778,
963497,189216,
963489,189205,
961567,157649,
961640,157730,
887672,226584,
6769705,550270,
4462281,NA,
6769634,550198,
806726,86072,
925946,87656,
925909,90062,
6769504,550068,
888581,90282,
887797,226481,
6775714,550241,
925904,86680,
1287420,86359,
888423,83799,
888580,90252,
2245020,NA,
888445,86105,
888489,88309,
889864,226484,
6775717,550244,
6769869,549494,
961528,157781,
6769799,550145,
6875841,NA,
963371,189321,
961421,157675,
963532,189257,
961554,157636,
925900,85552,
963858,194958,
961471,157725,
961610,157696,
842136,226598,
963613,194968,
888523,85424,
887580,226394,
889865,226420,
963997,195220,
887836,226572,
888575,89305,
963386,189270,
1287405,89496,
1287509,84246,
6769633,550197,
886722,90602,
806529,89139,
961460,157714,
6769735,550076,
963464,189180,
961543,157625,
963996,195219,
963446,189162,
4998462,NA,
963657,195023,
4913568,NA,
961451,157705,
963674,195061,
963168,189050,
887730,226496,
887822,226553,
888609,89190,
887599,226437,
1401895,148349,
888605,87792,
963316,189262,
6769513,550077,
961574,NA,
6769505,550069,
925894,88963,
888656,85241,
963863,194963,
925990,84948,
6769753,550095,
888465,88484,
963509,189228,
6769791,550136,
963471,189187,
963999,195227,
888427,86206,
961505,157758,
888582,84174,
887840,226577,
963845,194938,
961507,157760,
963705,195118,
888649,88184,
6769772,550116,
6769577,550141,
963284,189227,
963265,189207,
961380,157634,
961654,157746,
926022,84397,
963517,189236,
6858160,NA,
963939,195091,
961615,157701,
963282,189225,
964001,195231,
961531,157784,
963867,194967,
963732,195166,
963495,189214,
887648,226548,
925993,NA,
806640,89251,
963585,194935,
887845,226586,
6769603,550167,
961519,157772,
963558,189289,
888447,86122,
6769870,552689,
888543,90174,
961493,158187,
6769747,550089,
963188,189084,
963349,189051,
963342,189295,
963347,189303,
963547,189272,
963513,189232,
6769726,550064,
963529,189254,
963828,194921,
963205,189148,
963306,189252,
888600,84498,
6769853,550204,
6775694,550219,
963231,189175,
963198,189122,
925908,89242,
6775706,550232,
888448,86375,
888597,83746,
887777,226448,
963374,189100,
963209,189152,
963636,194996,
963473,189189,
963193,189109,
963936,195078,
963360,189315,
887577,226386,
888509,88390,
925970,88519,
887717,226494,
6769612,550176,
887622,226478,
887835,226571,
963199,189142,
961447,157701,
887776,226447,
961653,157745,
963890,195001,
887688,226499,
6769816,550164,
1287352,89987,
963338,189289,
961512,157765,
963400,189049,
6769844,550195,
961612,157698,
925960,85212,
925987,NA,
6769537,550101,
887767,226423,
963894,195005,
963843,194936,
963369,189293,
963994,195217,
888425,85494,
963213,189156,
842135,226596,
887830,226564,
887630,226488,
888591,86906,
963175,189061,
963440,189153,
6775693,550218,
961521,157774,
961395,157649,
961398,157652,
963315,189261,
963414,189073,
887854,226601,
925988,90145,
963672,195052,
963410,189066,
963837,194930,
887707,226403,
963567,194915,
887760,226399,
925892,86209,
887600,226438,
887731,226501,
963872,194975,
961373,157627,
961411,157665,
961497,157750,
963469,189185,
963259,189202,
963979,195172,
925921,88606,
963449,189165,
2572271,195296,
842187,226395,
963620,194977,
887832,226566,
806498,90324,
6775712,550239,
963644,195006,
887645,226537,
963382,189240,
963341,189294,
963542,189266,
888640,89997,
963387,189275,
963348,189304,
963906,195023,
963428,189122,
963456,189172,
6769495,550059,
4998509,NA,
925968,85323,
888579,90103,
1287427,86448,
888602,86605,
888495,89456,
887748,226374,
963310,189256,
5205354,NA,
925934,85087,
963281,189224,
963991,195214,
961603,157688,
888610,89354,
963824,195333,
1287390,84310,
888638,89620,
963300,189244,
963714,195143,
888563,83540,
963537,189262,
6775736,NA,
806521,85409,
842121,226580,
887729,226495,
888577,89593,
963459,189175,
961587,157669,
963378,189312,
961465,157719,
963860,194960,
961414,157668,
961446,157700,
925928,90286,
6769643,550207,
926004,85498,
961393,157647,
926005,85786,
806658,84444,
887756,226392,
888639,89857,
963381,189317,
926011,88518,
961509,157762,
963190,189094,
6775692,550217,
963691,195083,
888480,86227,
888428,86341,
6769645,550209,
963450,189166,
1287406,89506,
961394,157648,
888492,89329,
888524,86128,
888611,90664,
963570,194920,
887774,226438,
963365,189278,
961566,157648,
888441,84365,
925979,83801,
6775707,550233,
963810,195054,
1287366,89563,
887579,226392,
6775702,550228,
961404,157658,
963178,189063,
961520,157773,
963435,189148,
963779,195283,
963780,194916,
963916,195041,
961535,157788,
961558,157640,
925972,89318,
842126,226587,
887720,226509,
1287355,83895,
888567,85494,
961524,157777,
1287474,88171,
888439,90282,
887592,226416,
842166,226506,
2250657,NA,
888435,89593,
963785,194969,
963408,189062,
2572275,195292,
963893,195004,
6769623,550187,
1287437,89609,
888623,86640,
806560,88747,
963717,195146,
888539,90170,
888627,87881,
6775728,550255,
888634,89329,
2411278,195216,
925890,85551,
842038,226430,
888541,90172,
963362,189239,
886723,90325,
842127,226588,
888624,87685,
963273,189217,
963692,195088,
963370,189299,
888572,87831,
888592,NA,
888557,90188,
1287432,85277,
963181,189070,
961517,157770,
888437,90103,
6775721,550248,
963390,189300,
963712,195138,
887727,226583,
6769632,550196,
887719,226500,
6775726,550253,
961504,157757,
6775704,550230,
6775727,550254,
5700097,NA,
1287347,87517,
887708,226418,
842039,226432,
888424,85417,
887628,226486,
887578,226388,
888422,83616,
888522,85331,
963637,194997,
925973,90146,
888589,86122,
963359,189313,
961523,157776,
888534,89608,
888431,88277,
963377,189322,
806540,88106,
888588,86114,
963355,189308,
963788,194998,
963383,189251,
963238,188407,
888525,86912,
887705,226385,
963176,188409,
963786,194978,
963718,195147,
963217,188408,
887721,226524,
961513,157766,
887775,226439,
6775725,550252,
963232,189176,
887728,226599,
842020,226395,
961518,157771,
963286,188404,
963875,194982,
963638,195000,
963373,189319,
888528,88252,
887718,226497,
887734,226528,
888533,88537,
961516,157769,
842045,226445,
963787,194979,
888530,90125,
961514,157767,
6775731,550258,
888532,85275,
887725,226434,
842160,226606,
