PCID,TCGID,
6591158,NA,
3459748,NA,
6591097,NA,
6591127,NA,
3462370,NA,
6591145,NA,
4175810,NA,
3465197,NA,
6591114,NA,
3460384,NA,
5491691,NA,
5880888,NA,
5880802,NA,
7311982,NA,
3465705,NA,
3472067,NA,
4946864,NA,
7311961,NA,
3473578,NA,
7311951,NA,
3473237,NA,
5880728,NA,
3506835,NA,
3459792,NA,
5917648,NA,
4211788,NA,
5880853,NA,
3439340,NA,
3465667,NA,
3465519,NA,
3462335,NA,
5880754,NA,
3491640,NA,
3473692,NA,
3460359,NA,
5952612,NA,
3459775,NA,
3473234,NA,
3473220,NA,
3460392,NA,
3470251,NA,
5917626,NA,
5917620,NA,
6948336,NA,
3472830,NA,
3459880,NA,
3462651,NA,
3462624,NA,
3465666,NA,
3506865,NA,
3460383,NA,
5880792,NA,
7311958,NA,
6591108,NA,
5880776,NA,
3506869,NA,
3465490,NA,
3459801,NA,
3684120,NA,
5880607,NA,
5880906,NA,
3462305,NA,
4946857,NA,
3462317,NA,
3462600,NA,
6591168,NA,
3459774,NA,
5278809,NA,
6239385,NA,
3459626,NA,
5880799,NA,
6591169,NA,
3462420,NA,
6591157,NA,
3459709,NA,
6402661,NA,
3472042,NA,
3465227,NA,
3506648,NA,
3465186,NA,
3465233,NA,
5960313,NA,
3491636,NA,
6591123,NA,
3465172,NA,
5889071,NA,
5880770,NA,
6402638,NA,
6591140,NA,
3439289,NA,
5880514,NA,
3473625,NA,
3460176,NA,
6239395,NA,
6838015,NA,
3472060,NA,
3465475,NA,
3459916,NA,
5952617,NA,
3459868,NA,
7311988,NA,
5791178,NA,
3470236,NA,
3465561,NA,
3462609,NA,
4946841,NA,
5880821,NA,
3506960,NA,
5880823,NA,
3459919,NA,
3459773,NA,
3459807,NA,
3462340,NA,
3473544,NA,
3470322,NA,
3465235,NA,
5880832,NA,
3462719,NA,
3462610,NA,
5880891,NA,
3465574,NA,
3465562,NA,
3460360,NA,
6838013,NA,
7311990,NA,
4946851,NA,
4946866,NA,
3473693,NA,
5880589,NA,
4175805,NA,
3462613,NA,
3460356,NA,
3462406,NA,
3462415,NA,
3473676,NA,
3462430,NA,
5880767,NA,
4835852,NA,
3472036,NA,
5952569,NA,
3449706,NA,
7311995,NA,
5880865,NA,
3459881,NA,
7311970,NA,
7629624,NA,
5880588,NA,
3462281,NA,
3459826,NA,
5880886,NA,
3473184,NA,
6591099,NA,
3506783,NA,
3462424,NA,
3462366,NA,
6331339,NA,
4946870,NA,
3473236,NA,
3439338,NA,
6402662,NA,
5880901,NA,
6402656,NA,
3439350,NA,
3462649,NA,
3459778,NA,
3459867,NA,
4835877,NA,
3465501,NA,
3465533,NA,
3506800,NA,
3506602,NA,
5880876,NA,
3465586,NA,
3491592,NA,
3472883,NA,
3465716,NA,
3465597,NA,
5944261,NA,
3465180,NA,
5880782,NA,
4835881,NA,
5952601,NA,
3473212,NA,
6402647,NA,
4835884,NA,
3460206,NA,
3473642,NA,
5880605,NA,
6591167,NA,
3470243,NA,
3506610,NA,
3465498,NA,
5880578,NA,
3462271,NA,
4175814,NA,
3459804,NA,
3465707,NA,
3462639,NA,
3459776,NA,
3470294,NA,
6591094,NA,
5880862,NA,
3462301,NA,
4835879,NA,
5880561,NA,
3462279,NA,
6591135,NA,
3459882,NA,
3439369,NA,
5917635,NA,
4835875,NA,
5278803,NA,
4175803,NA,
6591133,NA,
3473606,NA,
6239394,NA,
3491615,NA,
3459653,NA,
3473589,NA,
3460339,NA,
6402636,NA,
6658123,NA,
3470296,NA,
3472079,NA,
5880889,NA,
3684123,NA,
5880854,NA,
5880738,NA,
3470299,NA,
3457814,NA,
3465669,NA,
3465536,NA,
3470351,NA,
3491635,NA,
3462661,NA,
4946878,NA,
5204603,NA,
3506845,NA,
3462371,NA,
3473580,NA,
3462402,NA,
5880773,NA,
3473231,NA,
3473651,NA,
5917629,NA,
4946880,NA,
3462404,NA,
3457569,NA,
4835883,NA,
5880523,NA,
3473554,NA,
3473213,NA,
5204615,NA,
3457597,NA,
3473183,NA,
6178117,NA,
3473591,NA,
3472899,NA,
3462408,NA,
3473238,NA,
3472879,NA,
3459679,NA,
3506827,NA,
3470280,NA,
3470319,NA,
3462665,NA,
3465693,NA,
3472075,NA,
5880879,NA,
3449675,NA,
3470237,NA,
3506628,NA,
3459872,NA,
3472124,NA,
3470256,NA,
5880908,NA,
5880723,NA,
5491698,NA,
3465573,NA,
3457834,NA,
6591120,NA,
6591170,NA,
4835886,NA,
4946837,NA,
6591095,NA,
6591150,NA,
3462390,NA,
3462375,NA,
3462413,NA,
3465578,NA,
3459696,NA,
3506885,NA,
3473240,NA,
3506883,NA,
5880563,NA,
4602288,NA,
4835887,NA,
6591118,NA,
3459633,NA,
6402654,NA,
3462407,NA,
3449705,NA,
5880579,NA,
5880602,NA,
5917642,NA,
3472127,NA,
3465493,NA,
3470312,NA,
5880714,NA,
5880831,NA,
3470334,NA,
5880603,NA,
5491701,NA,
3465496,NA,
3465199,NA,
3459861,NA,
5880762,NA,
5880557,NA,
3506778,NA,
3462343,NA,
5880546,NA,
3472082,NA,
3491667,NA,
3462334,NA,
6591102,NA,
3473256,NA,
6239351,NA,
6591128,NA,
5880800,NA,
4835882,NA,
3465564,NA,
3506880,NA,
3473674,NA,
5880857,NA,
3460211,NA,
3460385,NA,
5952598,NA,
3462350,NA,
3462376,NA,
6402646,NA,
3462391,NA,
3462671,NA,
5917646,NA,
3472891,NA,
3457553,NA,
6591116,NA,
3472887,NA,
3460396,NA,
3473233,NA,
4211784,NA,
4211786,NA,
3460241,NA,
5491704,NA,
3459710,NA,
3473566,NA,
3459657,NA,
5880881,NA,
4835872,NA,
5952588,NA,
3472054,NA,
3473577,NA,
3457820,NA,
5880694,NA,
3462342,NA,
3465514,NA,
3465238,NA,
5880713,NA,
4835918,NA,
3684118,NA,
3465166,NA,
3472098,NA,
3506658,NA,
6591117,NA,
3470352,NA,
6591155,NA,
5880590,NA,
3465584,NA,
3491626,NA,
3462429,NA,
7311960,NA,
3473181,NA,
3459754,NA,
3472852,NA,
5880720,NA,
3439318,NA,
6591154,NA,
3465554,NA,
5390471,NA,
5880567,NA,
6239373,NA,
3439313,NA,
3459866,NA,
3462421,NA,
3460181,NA,
3462386,NA,
5880768,NA,
3506864,NA,
3465504,NA,
3459671,NA,
5880609,NA,
5917653,NA,
3459803,NA,
3506656,NA,
3472917,NA,
3473189,NA,
3472126,NA,
5880516,NA,
5491694,NA,
3472074,NA,
3472121,NA,
3472857,NA,
3470298,NA,
3465684,NA,
3459739,NA,
5880749,NA,
5880554,NA,
3459886,NA,
3462356,NA,
3506593,NA,
3465570,NA,
5880553,NA,
3472071,NA,
5889073,NA,
7311969,NA,
3491638,NA,
3491611,NA,
4946847,NA,
7311983,NA,
3465532,NA,
3465544,NA,
3462658,NA,
6591111,NA,
3462619,NA,
5880795,NA,
7445185,NA,
4835861,NA,
3491639,NA,
6591125,NA,
6402634,NA,
7311963,NA,
4835862,NA,
5880750,NA,
3457544,NA,
3473217,NA,
4835853,NA,
3459806,NA,
3472867,NA,
3472081,NA,
3439292,NA,
3462622,NA,
3473218,NA,
3506877,NA,
3473203,NA,
3460203,NA,
6402655,NA,
6402644,NA,
4211792,NA,
7311953,NA,
5075764,NA,
3460194,NA,
3462418,NA,
3473678,NA,
4211787,NA,
3473654,NA,
3459820,NA,
3439303,NA,
3506775,NA,
3460341,NA,
5880842,NA,
3470278,NA,
3506643,NA,
5880608,NA,
3684121,NA,
3462616,NA,
5889077,NA,
3459855,NA,
3472101,NA,
3459815,NA,
3462667,NA,
7311980,NA,
3470302,NA,
3462360,NA,
3470317,NA,
7311967,NA,
3465547,NA,
5880526,NA,
3462310,NA,
3457633,NA,
3462603,NA,
3460320,NA,
5880774,NA,
3473596,NA,
3460172,NA,
3473200,NA,
4175806,NA,
3472868,NA,
3506844,NA,
4211791,NA,
4211783,NA,
3473560,NA,
3473653,NA,
5491690,NA,
3472863,NA,
6402632,NA,
5880593,NA,
3459746,NA,
5978408,NA,
3462423,NA,
3473191,NA,
4175813,NA,
3506576,NA,
3465502,NA,
3473713,NA,
3506583,NA,
3459898,NA,
6591104,NA,
3465681,NA,
5278794,NA,
3470289,NA,
3506654,NA,
6216824,NA,
3472131,NA,
3472094,NA,
5880525,NA,
3465674,NA,
3462626,NA,
3459789,NA,
5880878,NA,
4946845,NA,
3462351,NA,
3465594,NA,
3465548,NA,
3465677,NA,
5880824,NA,
3473528,NA,
4835851,NA,
4835849,NA,
3462399,NA,
6402633,NA,
6591144,NA,
5880580,NA,
3457555,NA,
5157162,NA,
4835865,NA,
3473185,NA,
4175804,NA,
3462655,NA,
5880562,NA,
3473584,NA,
3465479,NA,
6239393,NA,
5880817,NA,
3465176,NA,
5917639,NA,
3465221,NA,
3472087,NA,
3465182,NA,
5880566,NA,
3459659,NA,
3472130,NA,
3506811,NA,
5880581,NA,
3465549,NA,
3470348,NA,
5880598,NA,
5880786,NA,
3506956,NA,
3465203,NA,
3465170,NA,
3472143,NA,
3462674,NA,
5880527,NA,
3506804,NA,
5952600,NA,
3506614,NA,
3462588,NA,
4946838,NA,
3462625,NA,
3459690,NA,
5880755,NA,
7311956,NA,
3465551,NA,
3491584,NA,
3472110,NA,
3465710,NA,
3459821,NA,
3462273,NA,
6591115,NA,
5880600,NA,
6591160,NA,
6591139,NA,
3465556,NA,
3462322,NA,
3462411,NA,
3459749,NA,
3473575,NA,
4946842,NA,
6591138,NA,
3459827,NA,
5917619,NA,
5880763,NA,
4175797,NA,
6402631,NA,
3459717,NA,
3473561,NA,
3473690,NA,
6591132,NA,
5880801,NA,
5917615,NA,
3473648,NA,
3459623,NA,
3473600,NA,
6402629,NA,
6867320,NA,
3459691,NA,
3462384,NA,
4175816,NA,
3473583,NA,
6880976,NA,
3465218,NA,
3506653,NA,
3459699,NA,
3465482,NA,
5880574,NA,
3470311,NA,
5880907,NA,
3462353,NA,
3459874,NA,
4211785,NA,
5944258,NA,
5880533,NA,
3459857,NA,
3465726,NA,
3462331,NA,
3470309,NA,
5952628,NA,
3465583,NA,
3462652,NA,
3472085,NA,
3465725,NA,
3506819,NA,
7128474,NA,
3465585,NA,
6591131,NA,
3472068,NA,
6402657,NA,
3462662,NA,
5952566,NA,
3465263,NA,
6591093,NA,
3491666,NA,
3473617,NA,
6591122,NA,
5880706,NA,
5880548,NA,
3462614,NA,
3491658,NA,
5952596,NA,
5880584,NA,
6591143,NA,
5491219,NA,
6948335,NA,
3506850,NA,
4175807,NA,
3473262,NA,
3457631,NA,
3460182,NA,
3472105,NA,
3459822,NA,
6591166,NA,
3459832,NA,
3462392,NA,
6402664,NA,
3506871,NA,
6239361,NA,
3506842,NA,
3506862,NA,
3472844,NA,
3439312,NA,
6239380,NA,
3465480,NA,
3473644,NA,
3506889,NA,
3472890,NA,
3457622,NA,
5917637,NA,
3472876,NA,
3472832,NA,
4175802,NA,
3459695,NA,
3460390,NA,
5917638,NA,
4175796,NA,
3473186,NA,
6239389,NA,
3459639,NA,
3459755,NA,
3465724,NA,
3506846,NA,
5880549,NA,
5880571,NA,
3470271,NA,
3465531,NA,
3465492,NA,
3462323,NA,
3472893,NA,
5952583,NA,
5880518,NA,
3470266,NA,
3459891,NA,
3465258,NA,
3506830,NA,
5880564,NA,
5880559,NA,
5952571,NA,
3506644,NA,
3506797,NA,
3465567,NA,
3470339,NA,
6591129,NA,
3462660,NA,
4946127,NA,
3465175,NA,
3472152,NA,
3462615,NA,
7311985,NA,
4835871,NA,
3470254,NA,
5154287,NA,
3506651,NA,
3506849,NA,
3473677,NA,
3473662,NA,
5204619,NA,
3459900,NA,
3460187,NA,
3473603,NA,
5880739,NA,
5880729,NA,
3473967,NA,
4835868,NA,
3460337,NA,
5879493,NA,
6402660,NA,
3506891,NA,
6591142,NA,
6239387,NA,
7095576,NA,
3460315,NA,
3462395,NA,
3473633,NA,
5917649,NA,
3473656,NA,
3465190,NA,
5944267,NA,
3460326,NA,
3465506,NA,
4211789,NA,
3506796,NA,
5880515,NA,
6239370,NA,
3459625,NA,
5529004,NA,
3460336,NA,
5952599,NA,
3472093,NA,
5880592,NA,
3459864,NA,
5952565,NA,
3462272,NA,
6550893,NA,
3462633,NA,
3472151,NA,
3465535,NA,
3462336,NA,
5880558,NA,
3459920,NA,
3472063,NA,
7311962,NA,
5880741,NA,
5880816,NA,
3465165,NA,
3459858,NA,
3465682,NA,
3472091,NA,
3459756,NA,
5880864,NA,
3462670,NA,
6591137,NA,
3462594,NA,
3462601,NA,
5880543,NA,
3465685,NA,
6591136,NA,
4946876,NA,
3459705,NA,
5889074,NA,
3459738,NA,
6591124,NA,
3462286,NA,
5491708,NA,
3459780,NA,
3473250,NA,
6591149,NA,
3472850,NA,
3473211,NA,
5880733,NA,
3465248,NA,
4360255,NA,
3472871,NA,
6591153,NA,
3457570,NA,
3459685,NA,
3465488,NA,
5491687,NA,
5917627,NA,
3473214,NA,
6591159,NA,
6463438,NA,
4175799,NA,
3462416,NA,
3472877,NA,
3460178,NA,
6402635,NA,
3506866,NA,
3462389,NA,
6402659,NA,
3460391,NA,
5880708,NA,
3473246,NA,
5880825,NA,
4835848,NA,
3473647,NA,
5204611,NA,
3506879,NA,
3465691,NA,
4634534,NA,
3506582,NA,
3465212,NA,
3472072,NA,
5880819,NA,
3465509,NA,
3460195,NA,
3465517,NA,
3506590,NA,
4952660,NA,
3465224,NA,
3449678,NA,
3470264,NA,
3465722,NA,
3470315,NA,
3506623,NA,
3506645,NA,
5880885,NA,
3506953,NA,
5880596,NA,
5880555,NA,
3470314,NA,
3462367,NA,
3462591,NA,
5880735,NA,
3465709,NA,
5491217,NA,
5952585,NA,
3465486,NA,
5944245,NA,
3462341,NA,
5880731,NA,
3459740,NA,
3465704,NA,
3459825,NA,
6591109,NA,
6239388,NA,
3473593,NA,
3459814,NA,
3459794,NA,
3465675,NA,
3459768,NA,
3462419,NA,
3457545,NA,
3460220,NA,
3465524,NA,
3462638,NA,
3491585,NA,
3462647,NA,
6591141,NA,
3465518,NA,
3462316,NA,
6402650,NA,
3465702,NA,
3457626,NA,
6239359,NA,
5880887,NA,
6591148,NA,
3462403,NA,
3473579,NA,
5917625,NA,
3462425,NA,
3506856,NA,
3506858,NA,
5917645,NA,
3449703,NA,
3506809,NA,
3472125,NA,
3472039,NA,
5880875,NA,
3465582,NA,
3460388,NA,
3470262,NA,
3457792,NA,
3465528,NA,
3506652,NA,
3470310,NA,
3470285,NA,
3506577,NA,
3470257,NA,
3465721,NA,
3506613,NA,
5880909,NA,
3472103,NA,
5880693,NA,
3470281,NA,
5880536,NA,
3465715,NA,
3465530,NA,
5278788,NA,
7311971,NA,
3470242,NA,
3462596,NA,
4946840,NA,
3491630,NA,
5944253,NA,
6239382,NA,
3506857,NA,
3460224,NA,
3473649,NA,
5880740,NA,
3472847,NA,
3459793,NA,
5880530,NA,
3460379,NA,
5880855,NA,
3460332,NA,
3473229,NA,
6402653,NA,
3462396,NA,
3457552,NA,
3460240,NA,
3473202,NA,
3473562,NA,
3473624,NA,
3460216,NA,
3506872,NA,
6143228,NA,
6239355,NA,
3462428,NA,
3473242,NA,
3462374,NA,
4835867,NA,
3470260,NA,
5952623,NA,
3506621,NA,
5880545,NA,
5880700,NA,
3470329,NA,
3465523,NA,
3457606,NA,
5960308,NA,
3472111,NA,
4621232,NA,
3506641,NA,
3462650,NA,
3459834,NA,
3465679,NA,
3506612,NA,
3465193,NA,
3465253,NA,
3470238,NA,
7311987,NA,
3462344,NA,
3470258,NA,
5880837,NA,
5960306,NA,
3462598,NA,
5880794,NA,
3491608,NA,
3472086,NA,
3462346,NA,
4990542,NA,
5880712,NA,
3462607,NA,
3465555,NA,
5952587,NA,
5880803,NA,
3473658,NA,
7311986,NA,
3459779,NA,
3462385,NA,
3462293,NA,
5880897,NA,
5204605,NA,
3462722,NA,
3472872,NA,
3465244,NA,
6402652,NA,
3506895,NA,
7084191,NA,
3459654,NA,
3473210,NA,
3506959,NA,
5204625,NA,
5491696,NA,
3506881,NA,
3460368,NA,
3439306,NA,
3472862,NA,
3472156,NA,
3472838,NA,
3460177,NA,
3459669,NA,
5880529,NA,
3459850,NA,
3460223,NA,
3465243,NA,
3460329,NA,
3506600,NA,
3473610,NA,
3473682,NA,
3459846,NA,
5880534,NA,
3473248,NA,
3460381,NA,
5944265,NA,
5917641,NA,
5278807,NA,
3465703,NA,
3472062,NA,
5880521,NA,
5944246,NA,
3462636,NA,
3506627,NA,
3457827,NA,
3465497,NA,
3470235,NA,
3459686,NA,
5952621,NA,
3462321,NA,
3462621,NA,
4175815,NA,
3460358,NA,
3459883,NA,
5880591,NA,
5952627,NA,
3470272,NA,
3459845,NA,
3470330,NA,
3465262,NA,
3462352,NA,
3472120,NA,
3465576,NA,
3506619,NA,
3462339,NA,
3470240,NA,
3462641,NA,
3472089,NA,
3462313,NA,
7311984,NA,
5880721,NA,
4946872,NA,
5952620,NA,
3506818,NA,
7311992,NA,
3459766,NA,
3457841,NA,
3457584,NA,
3462612,NA,
3506596,NA,
4946849,NA,
4835885,NA,
3457621,NA,
3473613,NA,
3460169,NA,
6591112,NA,
3470295,NA,
3462634,NA,
3473665,NA,
5880866,NA,
4946855,NA,
6239345,NA,
3460351,NA,
3465484,NA,
3462400,NA,
3473177,NA,
3465494,NA,
3473225,NA,
3457614,NA,
5880583,NA,
3459624,NA,
3465189,NA,
3457596,NA,
5917622,NA,
5880858,NA,
5917630,NA,
4175801,NA,
5917651,NA,
3460207,NA,
4133875,NA,
3465241,NA,
3470269,NA,
3473605,NA,
4952656,NA,
5204589,NA,
3460165,NA,
3506951,NA,
3465478,NA,
3470328,NA,
3470286,NA,
3491618,NA,
3465234,NA,
5491216,NA,
7095570,NA,
5944255,NA,
3470282,NA,
3465181,NA,
3470275,NA,
3465522,NA,
3459733,NA,
5278811,NA,
3465512,NA,
3462725,NA,
6591101,NA,
3506632,NA,
3465169,NA,
3465185,NA,
7311968,NA,
3506822,NA,
5880868,NA,
3506622,NA,
3465239,NA,
3465237,NA,
3506955,NA,
5880698,NA,
3465711,NA,
3462590,NA,
3491665,NA,
5952590,NA,
3465698,NA,
5944254,NA,
3462345,NA,
5880764,NA,
3465538,NA,
3506776,NA,
5491705,NA,
3465590,NA,
5880719,NA,
3472856,NA,
3462320,NA,
3462589,NA,
5880756,NA,
3457586,NA,
5491695,NA,
3460311,NA,
5880587,NA,
3459661,NA,
3459743,NA,
3473694,NA,
5204630,NA,
3506847,NA,
5252486,NA,
3473227,NA,
3457599,NA,
3473701,NA,
4946126,NA,
3459760,NA,
4175800,NA,
5880707,NA,
6239363,NA,
3506863,NA,
3473612,NA,
6402630,NA,
3473545,NA,
3473187,NA,
3473698,NA,
3459791,NA,
3473208,NA,
3457572,NA,
5943818,NA,
3506769,NA,
5944260,NA,
3457561,NA,
3470239,NA,
3465513,NA,
4952687,NA,
3473207,NA,
5880556,NA,
4835876,NA,
5952610,NA,
5952613,NA,
3472114,NA,
5491214,NA,
3462398,NA,
3472055,NA,
3470318,NA,
3472106,NA,
3462608,NA,
3465483,NA,
7309838,NA,
3457825,NA,
3506884,NA,
5880542,NA,
3506580,NA,
5880830,NA,
3470327,NA,
5952575,NA,
3472092,NA,
3462324,NA,
3491629,NA,
3465565,NA,
3462348,NA,
3491642,NA,
3459765,NA,
7311993,NA,
3491634,NA,
3459737,NA,
3465579,NA,
5432866,NA,
3506817,NA,
3473699,NA,
3465558,NA,
3506954,NA,
4835850,NA,
3470325,NA,
3457842,NA,
3465595,NA,
3472861,NA,
3473543,NA,
6591106,NA,
6402643,NA,
3491623,NA,
5880761,NA,
3462628,NA,
3473685,NA,
4835859,NA,
3439290,NA,
3460323,NA,
5204591,NA,
6838010,NA,
3506646,NA,
3472914,NA,
3473655,NA,
3472869,NA,
3472892,NA,
3459823,NA,
3473688,NA,
3472842,NA,
3506852,NA,
3470350,NA,
3506867,NA,
6884376,NA,
3465178,NA,
3465508,NA,
5880551,NA,
3502181,NA,
3470277,NA,
3472056,NA,
3465525,NA,
3465692,NA,
5880896,NA,
6234543,NA,
3506626,NA,
5204596,NA,
3465695,NA,
5944264,NA,
3470320,NA,
5889075,NA,
3506659,NA,
3465220,NA,
3465215,NA,
3459922,NA,
3465676,NA,
3462669,NA,
3470279,NA,
6591121,NA,
3472123,NA,
3491616,NA,
3459830,NA,
3491596,NA,
3470326,NA,
3472077,NA,
5880869,NA,
7311952,NA,
3459763,NA,
3465714,NA,
3459802,NA,
3506832,NA,
3472128,NA,
3491601,NA,
3457550,NA,
5944252,NA,
3465686,NA,
3459769,NA,
6239378,NA,
3473586,NA,
6402649,NA,
3462663,NA,
3506860,NA,
7311981,NA,
3459745,NA,
3460243,NA,
3462648,NA,
3459781,NA,
5917621,NA,
3473235,NA,
3462427,NA,
3473652,NA,
5880544,NA,
3473620,NA,
3506586,NA,
3439365,NA,
3506878,NA,
3459688,NA,
3472865,NA,
3472841,NA,
3460217,NA,
3472855,NA,
5880759,NA,
3506649,NA,
3472915,NA,
3506882,NA,
6859528,NA,
3457567,NA,
4991410,NA,
3472894,NA,
3472895,NA,
3473255,NA,
3506773,NA,
7096546,NA,
3459713,NA,
5880804,NA,
3465214,NA,
3465489,NA,
3470316,NA,
3491580,NA,
3473244,NA,
3460340,NA,
3506609,NA,
3506772,NA,
3465259,NA,
3506890,NA,
5880704,NA,
3470306,NA,
3684122,NA,
6402637,NA,
3460378,NA,
5952632,NA,
3462275,NA,
5952576,NA,
5952595,NA,
3465680,NA,
3470253,NA,
5880573,NA,
3465665,NA,
5952570,NA,
5880519,NA,
3459859,NA,
5491707,NA,
5880859,NA,
5880717,NA,
5880709,NA,
3457799,NA,
3465557,NA,
5880727,NA,
5952614,NA,
3462325,NA,
3491610,NA,
5944250,NA,
3465265,NA,
3465542,NA,
3462631,NA,
3462672,NA,
3472831,NA,
4726669,NA,
6591100,NA,
3462288,NA,
4642824,NA,
3462627,NA,
3491604,NA,
4946853,NA,
3459744,NA,
6591152,NA,
3457629,NA,
3462372,NA,
3460232,NA,
5880696,NA,
6838014,NA,
5880577,NA,
3473538,NA,
3473219,NA,
7311977,NA,
5880522,NA,
3457576,NA,
3473604,NA,
3472885,NA,
3459694,NA,
3460193,NA,
3460166,NA,
6402648,NA,
3459674,NA,
3506887,NA,
3473679,NA,
6239356,NA,
5977918,NA,
3460346,NA,
3460330,NA,
6401613,NA,
3473206,NA,
3439319,NA,
3506861,NA,
3465217,NA,
3506606,NA,
5880793,NA,
3473611,NA,
3472889,NA,
3465581,NA,
3470323,NA,
3506594,NA,
5880715,NA,
3472154,NA,
3465171,NA,
3462332,NA,
5491206,NA,
5880601,NA,
6304397,NA,
3506957,NA,
3462721,NA,
5944247,NA,
3472107,NA,
5880781,NA,
5491688,NA,
3462632,NA,
3462592,NA,
3462309,NA,
3465246,NA,
5889072,NA,
3462299,NA,
5880724,NA,
6591105,NA,
3491624,NA,
3465540,NA,
3465697,NA,
5432275,NA,
6591130,NA,
4918488,NA,
3462319,NA,
3459753,NA,
5952573,NA,
3459870,NA,
3465552,NA,
3460214,NA,
3473687,NA,
3465672,NA,
3473636,NA,
4175811,NA,
3462410,NA,
3473196,NA,
3473702,NA,
6142745,NA,
4835873,NA,
6591113,NA,
3473673,NA,
5917640,NA,
3472880,NA,
3459786,NA,
3473646,NA,
3506840,NA,
3459772,NA,
3506896,NA,
4835870,NA,
3459888,NA,
3473226,NA,
3473552,NA,
3506655,NA,
4864003,NA,
3473618,NA,
3460198,NA,
3460376,NA,
3459700,NA,
3472849,NA,
3462383,NA,
5204627,NA,
3473527,NA,
3473223,NA,
3473222,NA,
3462417,NA,
3472859,NA,
3459712,NA,
3459711,NA,
3465202,NA,
3472102,NA,
3460190,NA,
3470324,NA,
3465208,NA,
5880594,NA,
5491212,NA,
3473261,NA,
3470308,NA,
5491204,NA,
3465476,NA,
3472853,NA,
3462659,NA,
3472061,NA,
3459915,NA,
5880753,NA,
3465261,NA,
5944263,NA,
3472884,NA,
6402651,NA,
3506630,NA,
3465690,NA,
3465689,NA,
3506615,NA,
3473640,NA,
5880702,NA,
3465179,NA,
3459757,NA,
5880532,NA,
3472058,NA,
3462276,NA,
5880805,NA,
3465589,NA,
3491614,NA,
5390470,NA,
3459750,NA,
3459921,NA,
3457559,NA,
3462381,NA,
3473670,NA,
3472122,NA,
3462654,NA,
3472881,NA,
3506766,NA,
3491660,NA,
4946862,NA,
3462354,NA,
3459787,NA,
3473660,NA,
3491627,NA,
5491207,NA,
3472837,NA,
3457801,NA,
4946874,NA,
3462302,NA,
4835860,NA,
3473598,NA,
3465694,NA,
3465537,NA,
3473615,NA,
3473592,NA,
3459839,NA,
5880572,NA,
6591147,NA,
3460321,NA,
5880880,NA,
3459904,NA,
3460324,NA,
3460372,NA,
4835854,NA,
3460221,NA,
3462422,NA,
3506875,NA,
3459808,NA,
3473254,NA,
5880599,NA,
3506810,NA,
3460314,NA,
3684114,NA,
3506825,NA,
3457548,NA,
3473608,NA,
3459910,NA,
3457804,NA,
5278800,NA,
3465250,NA,
3684135,NA,
3465255,NA,
6869666,NA,
3506754,NA,
3459913,NA,
3459873,NA,
5491210,NA,
3465231,NA,
6243124,NA,
3465701,NA,
3470301,NA,
5491218,NA,
5491697,NA,
3465511,NA,
3506823,NA,
3472834,NA,
5278805,NA,
3459838,NA,
3462397,NA,
3472084,NA,
3465226,NA,
3449680,NA,
3506616,NA,
3462668,NA,
3462653,NA,
5952629,NA,
3472069,NA,
3459895,NA,
3462656,NA,
5491213,NA,
5960310,NA,
3462409,NA,
3462347,NA,
7311991,NA,
5889068,NA,
5880547,NA,
3465499,NA,
3462300,NA,
3460386,NA,
3491628,NA,
3465718,NA,
3473526,NA,
3459795,NA,
3460233,NA,
4835855,NA,
3472846,NA,
3460393,NA,
3472873,NA,
4835857,NA,
3491625,NA,
3460184,NA,
3460316,NA,
3460245,NA,
5880582,NA,
3473533,NA,
3506790,NA,
3506868,NA,
6239371,NA,
3460229,NA,
5278793,NA,
5880531,NA,
3473197,NA,
3473553,NA,
5917644,NA,
3473960,NA,
3472142,NA,
3473232,NA,
3506785,NA,
6402639,NA,
3506888,NA,
5491710,NA,
5278790,NA,
5952592,NA,
6402642,NA,
3472836,NA,
3465242,NA,
3470273,NA,
3465249,NA,
3462307,NA,
5952602,NA,
3465206,NA,
3470293,NA,
5880576,NA,
3462673,NA,
3462724,NA,
3459914,NA,
3449694,NA,
3459911,NA,
5880604,NA,
3470345,NA,
7311994,NA,
3472090,NA,
3506581,NA,
3506768,NA,
3506764,NA,
3472135,NA,
5952608,NA,
3459878,NA,
3462623,NA,
3506751,NA,
3465230,NA,
3470283,NA,
3465688,NA,
5491976,NA,
3465699,NA,
3472133,NA,
5944249,NA,
3491669,NA,
5880734,NA,
6591092,NA,
3491581,NA,
3473529,NA,
5491699,NA,
3439328,NA,
6591134,NA,
3462620,NA,
3459894,NA,
3460192,NA,
6591091,NA,
3465599,NA,
5704597,NA,
3459917,NA,
3473684,NA,
3460387,NA,
4835869,NA,
3473178,NA,
3472854,NA,
3459758,NA,
6239381,NA,
3439363,NA,
3473585,NA,
6402663,NA,
3473641,NA,
3473681,NA,
3459715,NA,
5204590,NA,
3473194,NA,
3457562,NA,
3473704,NA,
3506874,NA,
3470337,NA,
3459854,NA,
3472115,NA,
3460174,NA,
3502402,NA,
3472155,NA,
3459885,NA,
3465228,NA,
3472099,NA,
3465477,NA,
3465696,NA,
5880699,NA,
5880575,NA,
3684149,NA,
5880570,NA,
3462718,NA,
3470349,NA,
3491588,NA,
5952622,NA,
3465678,NA,
5952563,NA,
3473607,NA,
6591090,NA,
3470255,NA,
5917643,NA,
3465543,NA,
3473251,NA,
5944251,NA,
3473245,NA,
6591171,NA,
3473195,NA,
3684139,NA,
3459638,NA,
3472910,NA,
3473548,NA,
3439370,NA,
3459777,NA,
3472918,NA,
3460202,NA,
3465503,NA,
5204592,NA,
3459622,NA,
3473966,NA,
3460370,NA,
4835874,NA,
3459785,NA,
5204602,NA,
3472833,NA,
3465673,NA,
6239376,NA,
3462379,NA,
3506961,NA,
5278801,NA,
3459890,NA,
3506859,NA,
3472136,NA,
3459889,NA,
3473216,NA,
5952631,NA,
3465264,NA,
3465481,NA,
3465210,NA,
3459856,NA,
3491582,NA,
3506625,NA,
3684134,NA,
5944233,NA,
3465491,NA,
5880528,NA,
5880568,NA,
3457826,NA,
6243144,NA,
3459876,NA,
3465188,NA,
5880606,NA,
3457805,NA,
3470268,NA,
3462326,NA,
3470338,NA,
3470276,NA,
3465572,NA,
3462298,NA,
3472132,NA,
3462304,NA,
3498883,NA,
3465539,NA,
3465569,NA,
3465575,NA,
3470270,NA,
3462297,NA,
3457788,NA,
3491621,NA,
3473619,NA,
3473542,NA,
5880766,NA,
3491632,NA,
3460380,NA,
3457830,NA,
3462363,NA,
3460175,NA,
3506893,NA,
3506808,NA,
3465194,NA,
3491593,NA,
3491643,NA,
6591165,NA,
3473601,NA,
6859557,NA,
3472835,NA,
3472860,NA,
3506855,NA,
3460186,NA,
3460344,NA,
3473558,NA,
3460325,NA,
5204593,NA,
5923877,NA,
3462377,NA,
3473622,NA,
6239391,NA,
3460226,NA,
3473188,NA,
3473193,NA,
3506624,NA,
3684119,NA,
3506829,NA,
5917628,NA,
3462359,NA,
5836059,NA,
3506892,NA,
5952594,NA,
3506660,NA,
3684130,NA,
3465720,NA,
6243143,NA,
3506958,NA,
3472037,NA,
5278798,NA,
7311954,NA,
3462646,NA,
3462303,NA,
3472109,NA,
3449685,NA,
5491208,NA,
5952597,NA,
5944262,NA,
3459897,NA,
3472141,NA,
4946844,NA,
3465541,NA,
3462664,NA,
3462635,NA,
6591162,NA,
3449679,NA,
3459759,NA,
3462312,NA,
5880689,NA,
3506752,NA,
3460204,NA,
3473594,NA,
3684150,NA,
3465596,NA,
3459656,NA,
3457625,NA,
6591156,NA,
5880861,NA,
3472851,NA,
3473532,NA,
3439359,NA,
3473257,NA,
5880779,NA,
3472906,NA,
3457627,NA,
3472874,NA,
3457624,NA,
3506870,NA,
5917631,NA,
3460173,NA,
3457587,NA,
5977604,NA,
3491657,NA,
5917634,NA,
3472888,NA,
4835864,NA,
3491617,NA,
3473643,NA,
3473182,NA,
3460208,NA,
5880856,NA,
3449683,NA,
3460230,NA,
3457590,NA,
3472041,NA,
3465184,NA,
3465223,NA,
3491656,NA,
3459716,NA,
5880843,NA,
4998599,NA,
3506798,NA,
4835863,NA,
3470297,NA,
3472845,NA,
3460218,NA,
3506605,NA,
3457803,NA,
3462597,NA,
3472050,NA,
3462599,NA,
3465251,NA,
3449692,NA,
3472108,NA,
3462315,NA,
6177486,NA,
3465687,NA,
3472044,NA,
3462643,NA,
3491637,NA,
3462337,NA,
3465545,NA,
5880874,NA,
6588245,NA,
4892988,NA,
3473683,NA,
3465559,NA,
3473260,NA,
3439317,NA,
3465577,NA,
3457546,NA,
5880835,NA,
3473535,NA,
5278804,NA,
3473571,NA,
6591146,NA,
6402658,NA,
6591164,NA,
3460189,NA,
3473645,NA,
3462373,NA,
4835880,NA,
3506848,NA,
3457585,NA,
3459658,NA,
3473209,NA,
3473587,NA,
5390469,NA,
3460357,NA,
3473230,NA,
5952564,NA,
3459869,NA,
3459835,NA,
3465164,NA,
3470313,NA,
5880705,NA,
3491602,NA,
3506637,NA,
6147580,NA,
3506787,NA,
5952572,NA,
5889069,NA,
3470246,NA,
3465505,NA,
3465167,NA,
5705358,NA,
5880513,NA,
3470321,NA,
3465192,NA,
5278799,NA,
3462329,NA,
3473204,NA,
3506611,NA,
3465183,NA,
3506833,NA,
3465240,NA,
3472146,NA,
3462595,NA,
3465717,NA,
3462355,NA,
3465571,NA,
3473609,NA,
3462311,NA,
3459764,NA,
6591098,NA,
6591107,NA,
3473637,NA,
6859558,NA,
5917652,NA,
5952603,NA,
3473252,NA,
3459629,NA,
3460395,NA,
5880716,NA,
3460199,NA,
5204616,NA,
4175812,NA,
3473540,NA,
3457543,NA,
3460168,NA,
3457833,NA,
5204622,NA,
3457564,NA,
3459847,NA,
3449696,NA,
5278812,NA,
3449676,NA,
3465507,NA,
4835866,NA,
5491209,NA,
3506795,NA,
3465236,NA,
3449700,NA,
3470241,NA,
3465232,NA,
5952619,NA,
5944257,NA,
3465216,NA,
3459837,NA,
5491211,NA,
3459844,NA,
3506601,NA,
3462294,NA,
3506779,NA,
5952561,NA,
3462280,NA,
3470261,NA,
7311957,NA,
5952615,NA,
3506799,NA,
3462295,NA,
3462414,NA,
5204613,NA,
5917617,NA,
5880884,NA,
5204623,NA,
7311976,NA,
3462349,NA,
5204608,NA,
3473659,NA,
6591096,NA,
4211959,NA,
4835856,NA,
3460222,NA,
5880863,NA,
3473666,NA,
3506815,NA,
3449682,NA,
3462431,NA,
3472843,NA,
6591163,NA,
3472908,NA,
3473650,NA,
3457575,NA,
3472137,NA,
3506836,NA,
3506771,NA,
3460167,NA,
5880560,NA,
3473239,NA,
5880890,NA,
3470292,NA,
3457835,NA,
3506579,NA,
3465719,NA,
3465209,NA,
3465495,NA,
3459908,NA,
5880867,NA,
3470336,NA,
5491215,NA,
7311989,NA,
5880595,NA,
3470267,NA,
3462640,NA,
3470250,NA,
3462618,NA,
5880550,NA,
3459863,NA,
3506952,NA,
3470340,NA,
3462644,NA,
3462629,NA,
3462357,NA,
3462630,NA,
7311959,NA,
7311979,NA,
3459800,NA,
3465252,NA,
3462361,NA,
3459824,NA,
3472840,NA,
3462604,NA,
3473559,NA,
5491702,NA,
3462593,NA,
3472900,NA,
3473563,NA,
5880569,NA,
3506854,NA,
3449677,NA,
3473588,NA,
3491651,NA,
3473228,NA,
3460205,NA,
4206093,NA,
3506853,NA,
3439305,NA,
3439349,NA,
3473663,NA,
3460200,NA,
4952648,NA,
3457578,NA,
6591161,NA,
6402640,NA,
5917655,NA,
3459790,NA,
3473241,NA,
3473546,NA,
5917624,NA,
6731557,NA,
3465593,NA,
3439314,NA,
3439334,NA,
3449704,NA,
3460227,NA,
3472104,NA,
3472048,NA,
3470288,NA,
3457791,NA,
3439341,NA,
4946843,NA,
3459871,NA,
3684133,NA,
3462284,NA,
3506607,NA,
3449684,NA,
3465706,NA,
3465668,NA,
5952567,NA,
3470284,NA,
3506589,NA,
5952581,NA,
3465245,NA,
3449702,NA,
3457812,NA,
3457813,NA,
3462637,NA,
4946846,NA,
6591110,NA,
3473564,NA,
3459828,NA,
3462282,NA,
3465260,NA,
3491590,NA,
3473582,NA,
3473537,NA,
3457824,NA,
3472038,NA,
7311964,NA,
5880535,NA,
3473689,NA,
3457563,NA,
3459704,NA,
3459906,NA,
6591119,NA,
6591103,NA,
3491654,NA,
3506591,NA,
3460382,NA,
6777293,NA,
3462602,NA,
3439329,NA,
5944116,NA,
3506750,NA,
3506894,NA,
3460244,NA,
6948333,NA,
5880517,NA,
3465201,NA,
7374452,NA,
5880852,NA,
3449698,NA,
5944259,NA,
3457577,NA,
3470346,NA,
3459848,NA,
5952657,NA,
5952589,NA,
3459901,NA,
3472112,NA,
3472045,NA,
5880828,NA,
3506642,NA,
3506777,NA,
3470290,NA,
3465671,NA,
5880757,NA,
5278795,NA,
3491659,NA,
5952626,NA,
3459816,NA,
5960311,NA,
3465207,NA,
3465591,NA,
5960299,NA,
3491662,NA,
6241373,NA,
3684124,NA,
3459862,NA,
3457617,NA,
3457618,NA,
3472858,NA,
3472866,NA,
3491641,NA,
3462617,NA,
5952586,NA,
3465563,NA,
3460215,NA,
3457619,NA,
5811035,NA,
3473635,NA,
3462412,NA,
3457568,NA,
3457598,NA,
3459788,NA,
3473695,NA,
3472912,NA,
3460225,NA,
3462401,NA,
3470244,NA,
3472875,NA,
3470333,NA,
3506595,NA,
5880552,NA,
3506762,NA,
3457796,NA,
3465534,NA,
3465566,NA,
3506588,NA,
3457611,NA,
3506789,NA,
3506814,NA,
5859055,NA,
3457811,NA,
3491597,NA,
7311966,NA,
3506756,NA,
3459879,NA,
3457603,NA,
3491594,NA,
3473198,NA,
3491579,NA,
5204597,NA,
3462285,NA,
3460375,NA,
6073240,NA,
3473568,NA,
3465515,NA,
3460213,NA,
4360253,NA,
3465485,NA,
3473626,NA,
3462380,NA,
3462382,NA,
3459819,NA,
3473249,NA,
3459701,NA,
5278785,NA,
3459662,NA,
5204598,NA,
5880597,NA,
3460210,NA,
3460212,NA,
3460331,NA,
3506770,NA,
3449691,NA,
3465526,NA,
3506638,NA,
3684136,NA,
7641059,NA,
5880877,NA,
3465516,NA,
3470252,NA,
3459902,NA,
3459836,NA,
3462306,NA,
3472083,NA,
5952591,NA,
5491709,NA,
3465520,NA,
7311965,NA,
3459896,NA,
3472064,NA,
5278784,NA,
3465708,NA,
3462308,NA,
3506831,NA,
3465487,NA,
3472113,NA,
5917636,NA,
3462645,NA,
3459799,NA,
3473567,NA,
3491599,NA,
3491620,NA,
3462283,NA,
3506837,NA,
4360254,NA,
3462434,NA,
3472897,NA,
3459762,NA,
3460185,NA,
3470263,NA,
3473614,NA,
3506873,NA,
6239374,NA,
5880703,NA,
5923735,NA,
5880565,NA,
6011663,NA,
3472913,NA,
3491633,NA,
6239390,NA,
4175798,NA,
3473697,NA,
5880537,NA,
3459637,NA,
3506886,NA,
3472905,NA,
3473667,NA,
3473180,NA,
3506765,NA,
3459652,NA,
3506834,NA,
3506803,NA,
3506620,NA,
5880833,NA,
3459687,NA,
3473703,NA,
3465174,NA,
3506629,NA,
5880538,NA,
3470265,NA,
3465521,NA,
3465527,NA,
3470335,NA,
3449689,NA,
3465713,NA,
3491589,NA,
3459852,NA,
3465510,NA,
5880900,NA,
3465560,NA,
3465247,NA,
3506782,NA,
3472117,NA,
3491612,NA,
3491668,NA,
3462274,NA,
5880777,NA,
3491647,NA,
3491586,NA,
3462606,NA,
3472829,NA,
3472886,NA,
3473712,NA,
3460231,NA,
3457558,NA,
3457602,NA,
3473639,NA,
3459784,NA,
3473634,NA,
3473675,NA,
3460219,NA,
3473669,NA,
3491600,NA,
3459918,NA,
3460188,NA,
3491591,NA,
6591126,NA,
3473224,NA,
4829999,NA,
3506802,NA,
3473551,NA,
5952568,NA,
3459909,NA,
3465257,NA,
3459853,NA,
3506662,NA,
3472057,NA,
5952658,NA,
5952649,NA,
5960315,NA,
3506784,NA,
4193605,NA,
6859553,NA,
5952580,NA,
3470304,NA,
3506634,NA,
3470305,NA,
3449687,NA,
5952562,NA,
3472148,NA,
3470347,NA,
3465588,NA,
3465580,NA,
3491607,NA,
3506813,NA,
5156365,NA,
3491587,NA,
5952607,NA,
3473616,NA,
3470300,NA,
3472896,NA,
3473710,NA,
5204594,NA,
3462611,NA,
3506631,NA,
5917623,NA,
3473247,NA,
3460342,NA,
3462720,NA,
3473557,NA,
3460196,NA,
3472878,NA,
3460171,NA,
3506635,NA,
3457601,NA,
5278808,NA,
3473630,NA,
3473259,NA,
3439327,NA,
3506663,NA,
3506761,NA,
5528999,NA,
3473638,NA,
5278810,NA,
7472727,NA,
3472049,NA,
5960305,NA,
5880610,NA,
3449701,NA,
3465712,NA,
5952578,NA,
3472065,NA,
3457795,NA,
5952640,NA,
3470274,NA,
3465592,NA,
3462330,NA,
3470342,NA,
3457566,NA,
3457790,NA,
3460242,NA,
3473530,NA,
3473569,NA,
6591151,NA,
3459634,NA,
3473547,NA,
3473531,NA,
3473199,NA,
3465168,NA,
3460170,NA,
3457605,NA,
4211790,NA,
5917633,NA,
3457623,NA,
3506851,NA,
3459875,NA,
3459635,NA,
4835878,NA,
3506604,NA,
3460183,NA,
3459702,NA,
3473664,NA,
3473534,NA,
4946859,NA,
4211782,NA,
3473550,NA,
5880520,NA,
3457582,NA,
5491703,NA,
3473179,NA,
3473709,NA,
3462287,NA,
3491622,NA,
5491706,NA,
3465204,NA,
3459884,NA,
3462314,NA,
5880541,NA,
5952579,NA,
3506585,NA,
3465500,NA,
3465550,NA,
3473215,NA,
3470307,NA,
3472096,NA,
4175809,NA,
3506794,NA,
3462292,NA,
3449686,NA,
3491653,NA,
3465163,NA,
3462666,NA,
3462328,NA,
3491655,NA,
3473590,NA,
3473539,NA,
5952634,NA,
3470245,NA,
3459720,NA,
3506801,NA,
3457628,NA,
3473700,NA,
3457616,NA,
3473192,NA,
4193604,NA,
4835858,NA,
5952630,NA,
3457828,NA,
3506843,NA,
3457549,NA,
5917632,NA,
3473221,NA,
3473657,NA,
3459655,NA,
5944266,NA,
3506633,NA,
5952574,NA,
3462432,NA,
3449695,NA,
3472052,NA,
5952624,NA,
3506757,NA,
3472070,NA,
3491663,NA,
3491595,NA,
3465598,NA,
3457613,NA,
3473572,NA,
3506876,NA,
3473581,NA,
3460310,NA,
3457634,NA,
3506618,NA,
3473201,NA,
5278806,NA,
3684126,NA,
3457844,NA,
3459877,NA,
5952635,NA,
3472078,NA,
3462433,NA,
3491578,NA,
3473541,NA,
3459742,NA,
3491583,NA,
3460365,NA,
3457789,NA,
3457607,NA,
3473631,NA,
3473205,NA,
5278789,NA,
3473632,NA,
3473555,NA,
3460197,NA,
3465177,NA,
5278797,NA,
3449693,NA,
3506657,NA,
3506792,NA,
3472129,NA,
5952625,NA,
3506793,NA,
3506636,NA,
3460355,NA,
3506820,NA,
3470259,NA,
3462657,NA,
3470331,NA,
5880539,NA,
3472138,NA,
3491631,NA,
5944244,NA,
3491619,NA,
3459831,NA,
3473621,NA,
3465670,NA,
3459741,NA,
6402521,NA,
5917616,NA,
3473686,NA,
7311955,NA,
3472839,NA,
5880742,NA,
3457565,NA,
3459630,NA,
3473574,NA,
5960302,NA,
3473680,NA,
3473573,NA,
3472040,NA,
3449707,NA,
3506841,NA,
3472088,NA,
3472147,NA,
7386946,NA,
3462296,NA,
3506816,NA,
3462327,NA,
3506767,NA,
5952638,NA,
3506824,NA,
3457547,NA,
3459734,NA,
3473965,NA,
3473706,NA,
3459649,NA,
3460180,NA,
3457630,NA,
3462405,NA,
4555533,NA,
3473707,NA,
3506839,NA,
3506599,NA,
3449697,NA,
3470249,NA,
5880586,NA,
5960309,NA,
3472119,NA,
3472149,NA,
5156308,NA,
3459899,NA,
3491609,NA,
3465553,NA,
3491649,NA,
3465219,NA,
3473549,NA,
3462278,NA,
3472882,NA,
3491613,NA,
5278783,NA,
3460394,NA,
6402641,NA,
5278786,NA,
3465474,NA,
3457802,NA,
3472864,NA,
3506584,NA,
3459905,NA,
5952609,NA,
3684147,NA,
7311978,NA,
3472095,NA,
7311950,NA,
3459761,NA,
3459829,NA,
3460361,NA,
3459645,NA,
3459718,NA,
3473576,NA,
3457583,NA,
3491664,NA,
3473190,NA,
3473253,NA,
3457806,NA,
3506647,NA,
3459697,NA,
3472097,NA,
3473696,NA,
3472144,NA,
3470287,NA,
3472870,NA,
3465587,NA,
3472909,NA,
3473556,NA,
3457589,NA,
5204600,NA,
3439336,NA,
5390467,NA,
4956642,NA,
3684145,NA,
5880585,NA,
3506639,NA,
3472118,NA,
3472046,NA,
5889076,NA,
3449688,NA,
3465529,NA,
3457819,NA,
3465683,NA,
5944248,NA,
4135580,NA,
3457837,NA,
3473705,NA,
3473708,NA,
5917647,NA,
6859554,NA,
3457612,NA,
3460228,NA,
3472043,NA,
5067723,NA,
3465700,NA,
5952633,NA,
3472153,NA,
5889070,NA,
3462388,NA,
3470353,NA,
3465187,NA,
3506791,NA,
3439361,NA,
3473595,NA,
3465568,NA,
3473691,NA,
3472916,NA,
3459721,NA,
3462378,NA,
3506755,NA,
3473672,NA,
3439332,NA,
5952611,NA,
3491670,NA,
3472059,NA,
3684151,NA,
3462365,NA,
3457810,NA,
3506753,NA,
3472053,NA,
5952650,NA,
3457839,NA,
3462318,NA,
3439310,NA,
4175795,NA,
3473661,NA,
3460209,NA,
3472903,NA,
3457610,NA,
4952638,NA,
3449673,NA,
5952605,NA,
3465225,NA,
5952654,NA,
5700637,NA,
3506780,NA,
5491205,NA,
3472134,NA,
3465256,NA,
3684132,NA,
3470247,NA,
3459849,NA,
3462362,NA,
3473668,NA,
3439333,NA,
5204587,NA,
3457632,NA,
3459632,NA,
5491700,NA,
3470291,NA,
3459689,NA,
5880524,NA,
3470332,NA,
3473536,NA,
3457595,NA,
3465200,NA,
3470344,NA,
3472150,NA,
3506617,NA,
3465254,NA,
3506962,NA,
3465723,NA,
3462426,NA,
3473243,NA,
3457604,NA,
3473602,NA,
3457557,NA,
3473599,NA,
3473628,NA,
3473258,NA,
3472145,NA,
3684141,NA,
3506597,NA,
5960312,NA,
3473671,NA,
3457816,NA,
3491605,NA,
3472848,NA,
3457551,NA,
3449681,NA,
4133872,NA,
3470343,NA,
3506786,NA,
3459903,NA,
3457838,NA,
3462358,NA,
3462291,NA,
3465198,NA,
3491606,NA,
4956656,NA,
5705808,NA,
5835278,NA,
5204606,NA,
3460191,NA,
3462277,NA,
3459860,NA,
5278787,NA,
3462387,NA,
3457815,NA,
4892595,NA,
5917650,NA,
6124402,NA,
3472904,NA,
3457573,NA,
6948762,NA,
5960303,NA,
5278791,NA,
3472139,NA,
3684137,NA,
5278802,NA,
3506608,NA,
5952637,NA,
6073513,NA,
3465211,NA,
3459735,NA,
3473711,NA,
3460179,NA,
5917618,NA,
5278792,NA,
3465191,NA,
3457817,NA,
3465195,NA,
5960300,NA,
3462605,NA,
3472073,NA,
5944268,NA,
3462290,NA,
3491645,NA,
5944256,NA,
3506661,NA,
3457591,NA,
6402645,NA,
3506760,NA,
3459631,NA,
3684125,NA,
3459747,NA,
3457818,NA,
3491652,NA,
3462289,NA,
3465546,NA,
3472076,NA,
3472907,NA,
3473964,NA,
5491692,NA,
5960307,NA,
3449672,NA,
4193602,NA,
3506774,NA,
3491644,NA,
3472051,NA,
3684131,NA,
3506812,NA,
3457822,NA,
3473570,NA,
3457798,NA,
3472902,NA,
3473597,NA,
3439295,NA,
3457542,NA,
3459892,NA,
3684142,NA,
3506598,NA,
3684146,NA,
3506838,NA,
3457840,NA,
3472100,NA,
3506640,NA,
3462338,NA,
3449699,NA,
3457800,NA,
3506828,NA,
3470303,NA,
3506781,NA,
3462675,NA,
3506826,NA,
3491603,NA,
5960314,NA,
3473623,NA,
3473961,NA,
3457574,NA,
3449670,NA,
3472116,NA,
3459719,NA,
3465229,NA,
3462333,NA,
3473957,NA,
3684148,NA,
3459851,NA,
3465213,NA,
5952655,NA,
3506587,NA,
5917654,NA,
3491650,NA,
3472047,NA,
3473627,NA,
3684128,NA,
3457807,NA,
5952636,NA,
3472080,NA,
3457836,NA,
3457832,NA,
3472898,NA,
3460201,NA,
3506805,NA,
3465205,NA,
3457793,NA,
5952606,NA,
3457554,NA,
3473565,NA,
3465173,NA,
3449674,NA,
5859054,NA,
5880860,NA,
3684129,NA,
3457609,NA,
3457588,NA,
3473959,NA,
5491693,NA,
5952639,NA,
3473629,NA,
3457821,NA,
3473962,NA,
3449671,NA,
3457809,NA,
5960301,NA,
3506578,NA,
3462642,NA,
3462394,NA,
3472140,NA,
3472901,NA,
3449690,NA,
3491661,NA,
5952647,NA,
3457823,NA,
3491646,NA,
5278796,NA,
3465222,NA,
3506806,NA,
3457635,NA,
3457594,NA,
3684140,NA,
3457580,NA,
3457608,NA,
3506821,NA,
3491598,NA,
3462364,NA,
3506758,NA,
3457560,NA,
3457615,NA,
3506763,NA,
3439311,NA,
3506650,NA,
3457620,NA,
3457808,NA,
4952847,NA,
3457794,NA,
3506603,NA,
3506759,NA,
3457556,NA,
5390468,NA,
3457797,NA,
3465196,NA,
3462393,NA,
3473963,NA,
5491689,NA,
3459703,NA,
3457600,NA,
5952618,NA,
3491648,NA,
3473958,NA,
3506788,NA,
4012438,NA,
3457592,NA,
3472911,NA,
3457593,NA,
3457579,NA,
3457829,NA,
3457831,NA,
3684127,NA,
3472066,NA,
3457581,NA,
4175675,NA,
3506592,NA,
3457571,NA,
