PCID,TCGID,
4708238,NA,
3461783,NA,
3439884,NA,
1335713,88194,
3439869,NA,
7640140,NA,
7640167,NA,
7640182,NA,
4708261,NA,
6281557,NA,
7640207,NA,
6590989,NA,
6680861,NA,
4708265,NA,
6680870,NA,
6281581,NA,
6680873,NA,
7640153,NA,
925212,NA,
3460445,NA,
7640204,NA,
6680839,NA,
3439874,NA,
7640231,NA,
6680908,NA,
3438514,NA,
6281596,NA,
6680860,NA,
6680881,NA,
3459242,NA,
6281586,NA,
4447491,NA,
957664,83653,
7640188,NA,
7640127,NA,
3438207,NA,
3459219,NA,
958812,98374,
7640139,NA,
3459226,NA,
4708225,NA,
3459238,NA,
4708256,NA,
4447519,NA,
6281547,NA,
3459233,NA,
4049925,283872,
7640197,NA,
3439911,NA,
7640236,NA,
7640210,NA,
6680885,NA,
7640232,NA,
7640169,NA,
3439968,NA,
7640184,NA,
4050061,284070,
957696,85618,
958794,98363,
6281604,NA,
7640122,NA,
957685,87513,
3460427,NA,
6135578,NA,
3461743,NA,
3459228,NA,
3439881,NA,
4200322,NA,
4200318,NA,
4050045,284045,
7640110,NA,
957736,84885,
7640200,NA,
4050216,283976,
4447494,NA,
4049961,283918,
7640199,NA,
7640132,NA,
924984,84944,
957620,84321,
3461767,NA,
6302848,NA,
7640152,NA,
6136682,NA,
7640130,NA,
4916951,NA,
3438194,NA,
7640138,NA,
6943591,NA,
957588,85704,
5836085,NA,
6680849,NA,
6680952,NA,
3459230,NA,
7640141,NA,
3459225,NA,
4447544,NA,
6680836,NA,
4708266,NA,
4050243,284025,
3461790,NA,
6281585,NA,
7322513,NA,
7640239,NA,
4447607,NA,
4050050,284054,
3461794,NA,
7640120,NA,
925029,85977,
3439879,NA,
6680891,NA,
1335658,90549,
3459215,NA,
6680874,NA,
925136,86694,
3438578,NA,
3459205,NA,
7640137,NA,
4894735,NA,
5836084,NA,
4447479,NA,
4642827,NA,
4200323,NA,
4049941,283895,
6857954,NA,
7640145,NA,
958804,98337,
4049989,283949,
4447531,NA,
4049958,283915,
3461775,NA,
6680929,NA,
7640157,NA,
7640219,NA,
4894734,NA,
7640108,NA,
2189369,NA,
7640198,NA,
3461754,NA,
7640149,NA,
6281538,NA,
4050178,283919,
925163,84308,
958790,98349,
1335753,88349,
5836083,NA,
3461759,NA,
924953,84464,
6680934,NA,
925134,86608,
6160268,NA,
925019,84309,
6680906,NA,
888940,87004,
925017,84040,
3439899,NA,
4447595,NA,
3461728,NA,
7640129,NA,
7640172,NA,
957662,87037,
4049948,283904,
889003,90616,
4708273,NA,
6657629,NA,
4708234,NA,
925182,87320,
4050080,282257,
3438542,NA,
6281591,NA,
7640225,NA,
3439895,NA,
7640163,NA,
3473950,NA,
7640202,NA,
7640183,NA,
925143,87786,
3461719,NA,
4200332,NA,
3460398,NA,
925155,90239,
3438581,NA,
925092,88661,
7640209,NA,
4050055,284061,
3461742,NA,
5442562,NA,
7640216,NA,
3438501,NA,
7640181,NA,
4894726,NA,
924957,84779,
957728,84320,
6331525,NA,
7640146,NA,
958821,98345,
925160,NA,
4447609,NA,
3438558,NA,
3459227,NA,
3439976,NA,
4781293,NA,
957642,89074,
925188,88128,
5810701,NA,
6302851,NA,
5489369,NA,
3439883,NA,
4447545,NA,
4708313,NA,
925012,90245,
6680837,NA,
6136684,NA,
957510,85662,
3473947,NA,
4050039,284030,
958816,NA,
957654,90448,
3439948,NA,
957495,89750,
4447485,NA,
5489371,NA,
3460431,NA,
958798,98334,
3460421,NA,
7640116,NA,
4049932,283882,
957559,89727,
4049981,283938,
3439868,NA,
7640194,NA,
7640214,NA,
7640180,NA,
3439887,NA,
6680844,NA,
7640165,NA,
925045,88259,
6680963,NA,
6416967,NA,
4050160,283897,
4049949,283905,
888938,86787,
957592,90783,
3461780,NA,
3439963,NA,
3438185,NA,
7640208,NA,
4956849,NA,
7640159,NA,
4447550,NA,
958808,98376,
7640223,NA,
6680911,NA,
957567,89423,
1335687,84047,
842336,87419,
4050019,283995,
6680892,NA,
925129,84944,
4200326,NA,
3459211,NA,
924955,84768,
7640201,NA,
957577,89582,
4602571,NA,
4049998,NA,
4447641,NA,
3461748,NA,
4447497,NA,
4708330,NA,
7640158,NA,
6680925,NA,
4080751,277325,
4708283,NA,
4050152,283885,
925097,83800,
4708246,NA,
3459248,NA,
3459181,NA,
957600,84981,
3460435,NA,
6680955,NA,
7640156,NA,
1335667,84753,
3473928,NA,
6680927,NA,
925128,84900,
925119,90194,
5442561,NA,
6680936,NA,
957556,84481,
925175,86093,
7640238,NA,
1335675,86285,
958791,98330,
3439970,NA,
6281574,NA,
3439943,NA,
3439877,NA,
889050,85697,
4050092,284117,
4049950,283906,
3439930,NA,
6149121,NA,
7640174,NA,
6680878,NA,
6302849,NA,
925204,84009,
4050135,283861,
4049940,283894,
6281548,NA,
4049944,283898,
7640168,NA,
924999,87986,
3439908,NA,
3439921,NA,
3459221,NA,
3438524,NA,
4602573,NA,
957573,88763,
7640143,NA,
4447480,NA,
7640230,NA,
3473880,NA,
4447577,NA,
925090,88375,
4447633,NA,
925184,87507,
2336239,NA,
4050200,283949,
4447729,NA,
957724,86243,
3459193,NA,
925070,88809,
6680941,NA,
3459229,NA,
7640215,NA,
3439956,NA,
925180,86704,
7421772,NA,
4447506,NA,
3438508,NA,
3439936,NA,
4708318,NA,
4447712,NA,
957666,88373,
957670,84796,
4050146,283877,
957604,84139,
6680887,NA,
4050015,283988,
6400094,NA,
6281589,NA,
3439941,NA,
1335664,87946,
888925,89030,
4050013,283985,
3473894,NA,
7640179,NA,
4447613,NA,
925196,89550,
888941,87079,
4447559,NA,
957641,89079,
925201,90554,
957572,87302,
924990,86609,
6281599,NA,
4708263,NA,
4447515,NA,
6281603,NA,
3438534,NA,
3459187,NA,
4050279,284093,
925146,89015,
7640118,NA,
957527,88153,
957636,89756,
958815,NA,
4050214,283973,
4050164,283904,
3438538,NA,
957558,90628,
957716,84380,
957517,90348,
3459237,NA,
4050203,283954,
4050218,283979,
3459191,NA,
925125,84128,
5834664,NA,
3459232,NA,
925068,89854,
4049936,283887,
5442566,NA,
3439910,NA,
4050007,283978,
7640173,NA,
3459234,NA,
3461802,NA,
4447675,NA,
3439890,NA,
3438220,NA,
643299,45136,
643322,45161,
888993,86237,
6680840,NA,
7640115,NA,
6739906,NA,
888962,88811,
888908,89460,
4050190,283936,
7640170,NA,
925187,NA,
1335671,85903,
957515,87780,
4050037,284025,
4200317,NA,
925094,90690,
4050226,283994,
958793,NA,
3461795,NA,
4708286,NA,
6680847,NA,
3438590,NA,
3461761,NA,
957687,88566,
4050096,284123,
842333,86371,
7640119,NA,
957695,90070,
957726,89663,
842398,89324,
5442563,NA,
3460415,NA,
7640121,NA,
4708268,NA,
924967,88657,
7640154,NA,
842399,89437,
7640213,NA,
4050162,283901,
925043,87844,
1335678,86167,
4050057,284063,
4050284,284099,
6680905,NA,
4049967,283924,
6680882,NA,
7640136,NA,
925213,88809,
925140,87378,
7640221,NA,
4708275,NA,
925211,89854,
3438502,NA,
842367,88601,
957644,89094,
6680921,NA,
4049996,283960,
888918,86384,
4708302,NA,
925011,90241,
925091,88627,
4050259,284062,
6281559,NA,
7640105,NA,
4050174,283915,
925142,87447,
4049984,283942,
3460440,NA,
3460413,NA,
3439942,NA,
3459204,NA,
3438210,NA,
4447477,NA,
924970,88677,
957516,87565,
957585,84380,
4642901,NA,
4049962,NA,
6680948,NA,
7640117,NA,
3439975,NA,
4049977,283934,
4708230,NA,
925864,86116,
6281583,NA,
3439951,NA,
1335676,87973,
888955,85431,
4447726,NA,
924985,85361,
4050081,284096,
5830260,NA,
4050034,284017,
924963,86549,
4447621,NA,
957550,90667,
4050068,284079,
6011501,NA,
4050038,284029,
4708235,NA,
958811,NA,
4050228,283997,
925059,90685,
5231032,NA,
4050211,283968,
958805,98373,
3438545,NA,
957601,83945,
3438544,NA,
4200308,NA,
4050030,284009,
4050113,284150,
4050221,283985,
925112,88278,
5768350,NA,
957706,88763,
4894724,NA,
925866,88259,
4050266,284075,
7667775,NA,
958822,NA,
4200310,NA,
4894725,NA,
7640133,NA,
3438540,NA,
7640148,NA,
6281612,NA,
4050157,283894,
4050238,284009,
4050000,283967,
6680867,NA,
4928129,NA,
7640178,NA,
3439916,NA,
3439939,NA,
4050024,284002,
4447487,NA,
643302,45137,
4447667,NA,
4708298,NA,
925168,84956,
925107,86048,
4050006,283976,
3438570,NA,
4050209,283963,
925049,89174,
3439932,NA,
1335682,85390,
3460406,NA,
3439952,NA,
6680961,NA,
4894738,NA,
957569,85019,
6680894,NA,
3439955,NA,
7640218,NA,
3473876,NA,
3438198,NA,
3438227,NA,
889026,84324,
888937,85955,
4200320,NA,
4050136,283862,
3438189,NA,
4049918,283861,
957691,90011,
4708251,NA,
888929,90553,
958802,98371,
957700,85854,
6400093,NA,
958788,98347,
3460428,NA,
888916,85891,
958809,98370,
3473849,NA,
925026,85767,
958819,98348,
6680893,NA,
4708331,NA,
1335663,89348,
889036,89040,
889009,85891,
6302843,NA,
888897,90458,
4050268,284078,
4050274,284087,
957635,89750,
842356,86404,
957647,85064,
889016,87822,
888943,89040,
924982,84131,
3438586,NA,
7640150,NA,
3459203,NA,
889047,84538,
6680916,NA,
7640177,NA,
7640126,NA,
3473837,NA,
3439906,NA,
3438505,NA,
7640192,NA,
3438537,NA,
6680959,NA,
4708231,NA,
888939,86993,
4447520,NA,
925191,88754,
888995,86925,
4080774,284295,
957505,89669,
957565,85859,
924973,90194,
4050201,283951,
4050212,283970,
4708224,NA,
6331935,NA,
4050180,283921,
4050082,284097,
3459217,NA,
7640109,NA,
6680889,NA,
924994,87227,
4080754,284254,
5836082,NA,
3459180,NA,
6680896,NA,
4200330,NA,
6680858,NA,
957637,89194,
6680872,NA,
4557660,NA,
3438192,NA,
4708311,NA,
888887,84738,
3473879,NA,
4447619,NA,
957541,88174,
925195,89477,
4050023,284001,
4049978,283935,
4894736,NA,
4894723,NA,
958801,NA,
957543,85192,
3439961,NA,
6680842,NA,
3460446,NA,
4050232,284002,
925055,89735,
3439950,NA,
3439953,NA,
4894729,NA,
925171,85767,
925037,87320,
4708307,NA,
4447734,NA,
4447626,NA,
4447637,NA,
925006,89877,
889008,85592,
888990,83451,
842382,85648,
7640134,NA,
2775132,98321,
957589,85602,
4050077,284092,
924989,86608,
925120,90260,
4050011,283982,
925056,89868,
4050022,283999,
7640226,NA,
4708295,NA,
6680888,NA,
4050051,NA,
957680,89905,
1335662,84268,
6281605,NA,
957537,86564,
3473936,NA,
4447655,NA,
3438554,NA,
888994,86606,
643321,45160,
643364,45142,
2253760,85906,
2253737,87387,
925148,89673,
957638,84266,
3473863,NA,
4049970,283927,
888978,84452,
4050191,283937,
925098,84454,
957605,84506,
957606,85263,
3438584,NA,
4050254,284055,
3459179,NA,
925069,84327,
3439926,NA,
925083,86047,
4447582,NA,
889014,86979,
4050072,284085,
925031,86106,
957570,88724,
7640112,NA,
925198,89735,
4708294,NA,
3459165,NA,
7415792,NA,
3439947,NA,
957575,85607,
4050262,284066,
3459163,NA,
7640189,NA,
6680871,NA,
3438507,NA,
7640190,NA,
4050207,283960,
3473932,NA,
3438552,NA,
6281613,NA,
4447670,NA,
925057,90130,
925004,89694,
957511,84219,
5489368,NA,
4050142,283871,
889055,88811,
2189366,NA,
4049946,283901,
924966,88278,
4050043,284042,
7640228,NA,
925181,86789,
957720,85602,
925137,86876,
3460439,NA,
958806,98375,
4049947,283903,
5810875,NA,
924977,83561,
6680924,NA,
3461785,NA,
4050247,284032,
4200325,NA,
4050035,284018,
7277532,NA,
3473859,NA,
4447594,NA,
3473926,NA,
4447663,NA,
4447507,NA,
4894727,NA,
3438513,NA,
4447523,NA,
925174,85977,
924961,86048,
4049987,283946,
889004,83559,
3459240,NA,
925080,85572,
3438579,NA,
925179,86229,
957694,89209,
958820,98364,
4708271,NA,
4050031,284011,
925013,90195,
6680856,NA,
925032,86116,
7640233,NA,
6680962,NA,
925000,88118,
6680841,NA,
4050075,284089,
6281553,NA,
3438528,NA,
3459192,NA,
3461758,NA,
7640234,NA,
4447587,NA,
888912,84120,
4557658,84120,
6680863,84120,
4447605,84120,
4557661,84120,
3473886,84120,
3473866,84120,
4188827,84120,
4447483,84120,
6302853,84120,
3438230,84120,
4708317,84120,
4708303,84120,
4447570,84120,
3439931,84120,
3459197,84120,
3460447,84120,
3461805,84120,
6680970,84120,
3473907,84120,
3438223,84120,
3461720,84120,
3438576,84120,
3461768,84120,
4708290,84120,
6680943,84120,
6680853,84120,
4708299,84120,
6680851,84120,
3439900,84120,
3461769,84120,
6680876,84120,
3473871,84120,
4447598,84120,
3473892,84120,
3473844,84120,
3438206,84120,
3473845,84120,
6680913,84120,
3439937,84120,
6281587,84120,
4447603,84120,
4447716,84120,
3473939,84120,
4447680,84120,
4447511,84120,
4447725,84120,
4557662,84120,
3473933,84120,
4447737,84120,
6680950,84120,
3473874,84120,
4447566,84120,
3473904,84120,
3473893,84120,
3473867,84120,
3473899,84120,
3473918,84120,
3473841,84120,
3473835,84120,
5489367,84120,
842395,88738,
4080782,284303,
3473909,NA,
957523,88715,
925124,84093,
3438525,NA,
7640227,NA,
957709,89582,
889049,85579,
4049927,283874,
889005,84120,
6658419,NA,
925863,84129,
4708297,NA,
925065,89410,
4050153,283887,
4049994,283958,
4200324,NA,
5489370,NA,
6680845,NA,
6680890,NA,
3439924,NA,
3439893,NA,
3439966,NA,
3459239,NA,
3461740,NA,
7640106,NA,
6680865,NA,
4708279,NA,
4447666,NA,
3439962,NA,
3459207,NA,
3179661,NA,
3439957,NA,
3438224,NA,
3438225,NA,
6680910,NA,
3439965,NA,
3439969,NA,
3439946,NA,
3438202,NA,
4447652,NA,
4447571,NA,
7640166,NA,
4708306,NA,
3460444,NA,
6680897,NA,
3439889,NA,
3438565,NA,
7640212,NA,
3460403,NA,
6680875,NA,
6281556,NA,
7640205,NA,
6400088,NA,
6281543,NA,
4708239,NA,
3461779,NA,
6281608,NA,
3459199,NA,
3461804,NA,
3461717,NA,
6281614,NA,
6680937,NA,
6281546,NA,
3461724,NA,
6281573,NA,
4708305,NA,
3461781,NA,
4447662,NA,
3461751,NA,
6302852,NA,
6281536,NA,
6680843,NA,
3439870,NA,
6400090,NA,
3459231,NA,
4447514,NA,
3473954,NA,
3439945,NA,
3459172,NA,
4708328,NA,
3460420,NA,
6281579,NA,
4200309,NA,
6643055,NA,
3459253,NA,
3438517,NA,
3438569,NA,
4708264,NA,
6281611,NA,
3439960,NA,
3438511,NA,
6302846,NA,
6088876,NA,
3438213,NA,
4447694,NA,
6281602,NA,
3438567,NA,
6400089,NA,
4447575,NA,
3461766,NA,
3473891,NA,
3459171,NA,
4708316,NA,
3460419,NA,
3439973,NA,
3460434,NA,
4708319,NA,
3473951,NA,
6281566,NA,
3438521,NA,
4708270,NA,
3439922,NA,
3460411,NA,
6680945,NA,
6680923,NA,
3438516,NA,
3459202,NA,
4447657,NA,
3439872,NA,
4447530,NA,
6680958,NA,
3460453,NA,
3473836,NA,
3460418,NA,
3438203,NA,
4447495,NA,
3438226,NA,
4447722,NA,
3439902,NA,
3473848,NA,
3438577,NA,
6680915,NA,
4447569,NA,
3473916,NA,
6281620,NA,
3473875,NA,
6680932,NA,
3461747,NA,
3461791,NA,
7640222,NA,
6680920,NA,
4447648,NA,
6281565,NA,
6680886,NA,
4708327,NA,
4447499,NA,
4447583,NA,
3473873,NA,
3461793,NA,
3473884,NA,
3473927,NA,
6046999,NA,
6680895,NA,
3460432,NA,
3439871,NA,
4708291,NA,
6281537,NA,
4447478,NA,
3473908,NA,
3438549,NA,
4708242,NA,
4708321,NA,
6281610,NA,
5063312,NA,
4708252,NA,
4447492,NA,
6680922,NA,
3473925,NA,
3438533,NA,
3473864,NA,
3473946,NA,
3461798,NA,
3438580,NA,
6400096,NA,
5889067,NA,
4447682,NA,
3461778,NA,
3460400,NA,
4708257,NA,
6281600,NA,
3461797,NA,
3473897,NA,
3473913,NA,
3438546,NA,
5639952,NA,
3438585,NA,
6680944,NA,
6680880,NA,
3473917,NA,
3439898,NA,
3473942,NA,
3473896,NA,
6281551,NA,
4447705,NA,
3473872,NA,
6680957,NA,
3439905,NA,
6281619,NA,
4447522,NA,
924939,86947,
957648,84511,
925066,89519,
643324,45144,
6680938,NA,
888948,89867,
2253789,83836,
4050148,283881,
842406,88351,
4708236,NA,
925123,83561,
957610,NA,
3459224,NA,
4049921,283866,
842361,87733,
6680855,NA,
4049934,283884,
842378,84930,
925106,85924,
3460409,NA,
4049937,283890,
7640147,NA,
4708253,NA,
6281594,NA,
7640237,NA,
6680884,NA,
6680917,NA,
925087,87338,
1335679,89418,
889037,89065,
3461765,NA,
7640240,NA,
7640176,NA,
7640135,NA,
7640229,NA,
3438506,NA,
643305,45155,
4708326,NA,
4200327,NA,
925186,87843,
4050064,282256,
957675,86564,
925202,90685,
1335688,85508,
4050237,284007,
925127,84131,
4894740,NA,
4050272,284084,
924954,84740,
4708229,NA,
925060,84008,
7640131,NA,
3460450,NA,
4050225,283993,
925173,85785,
957701,89423,
6281592,NA,
3459216,NA,
4050260,284063,
7226530,NA,
6402870,NA,
957735,85263,
6680857,NA,
925007,90216,
4708296,NA,
3459188,NA,
4200329,NA,
958796,NA,
842358,86976,
957684,90667,
3438522,NA,
1099574,106980,
3460417,NA,
4050115,284153,
4447600,NA,
842414,87668,
925147,89534,
3461789,NA,
888921,86979,
888934,85651,
958789,NA,
7640186,NA,
3459178,NA,
925101,84768,
925207,88198,
4708243,NA,
4050223,283988,
957686,87520,
7640164,NA,
957651,84219,
3459185,NA,
4708282,NA,
5610847,NA,
3461800,NA,
3460436,NA,
2189368,NA,
3460401,NA,
4050187,283933,
4708280,NA,
4447673,NA,
1099560,106982,
4049992,283954,
957562,85618,
6680960,NA,
4049991,283953,
3459169,NA,
957713,89468,
924975,90364,
957733,84139,
925131,85772,
925038,87507,
4708292,NA,
7640162,NA,
925116,88677,
957714,90763,
3459182,NA,
4050222,283987,
3459222,NA,
3459164,NA,
3461784,NA,
4447646,NA,
3461757,NA,
3460430,NA,
6680854,NA,
3459252,NA,
6680903,NA,
3439933,NA,
3461772,NA,
4447504,NA,
6281607,NA,
3439971,NA,
958817,NA,
7640187,NA,
6680946,NA,
3461723,NA,
924995,87378,
6680898,NA,
3438573,NA,
889032,86787,
4080768,284278,
842379,84970,
924950,83675,
4050109,284145,
4050206,283959,
4050088,284108,
3439885,NA,
889018,89030,
7671877,NA,
7640124,NA,
4447513,NA,
925054,89703,
3459236,NA,
925014,83788,
6680835,NA,
6680931,NA,
4034749,NA,
958814,98350,
2245073,NA,
4447612,NA,
957674,89059,
3459208,NA,
3438531,NA,
3438583,NA,
3439934,NA,
4708228,NA,
5230947,NA,
3461741,NA,
6680956,NA,
3473839,NA,
3438568,NA,
4050119,284157,
6664077,NA,
4050241,284015,
1099577,106983,
957594,83856,
1335730,88211,
6302844,NA,
4049973,283930,
5075986,NA,
925095,83621,
3459190,NA,
957618,NA,
6680926,NA,
1335681,89708,
6281570,NA,
4200321,NA,
7640111,NA,
842413,83836,
4050001,NA,
4050208,283961,
925149,89694,
6680838,NA,
4049982,283939,
957582,84708,
958810,98340,
3459244,NA,
924987,85970,
4050182,283925,
957539,86438,
4708247,NA,
6680907,NA,
4708258,NA,
3459254,NA,
3438536,NA,
3461727,NA,
4708227,NA,
4602574,NA,
7640142,NA,
7640155,NA,
925139,87227,
3473862,NA,
1099572,106994,
1335684,87468,
4447723,NA,
957502,89074,
925183,87760,
889017,88818,
957607,84885,
7640217,NA,
925058,90554,
3459194,NA,
4050166,283906,
925190,88300,
5157340,NA,
6124280,NA,
3459220,NA,
5610835,NA,
4049938,283892,
958797,98367,
4050027,284005,
5442534,NA,
6149138,NA,
1335787,89911,
957542,87494,
3439918,NA,
3461746,NA,
3438186,NA,
6281572,NA,
925086,87138,
6281578,NA,
4447551,NA,
7640125,NA,
6680904,NA,
7640211,NA,
889007,85155,
957574,86886,
1099575,106981,
957525,86001,
842309,83643,
1099578,106984,
643338,45150,
4050245,284030,
3439920,NA,
925117,89119,
957544,89905,
4050229,283998,
888998,87868,
957503,89093,
958823,98368,
3473945,NA,
924986,85772,
957693,89727,
888909,89968,
957712,87303,
957576,85340,
6390608,NA,
957643,89093,
4447643,NA,
957660,85186,
4447552,NA,
4049971,283928,
3459170,NA,
3459166,NA,
3439875,NA,
6657628,NA,
3459212,NA,
6135576,NA,
6281567,NA,
4050154,283890,
3460408,NA,
6135582,NA,
3460405,NA,
4447704,NA,
4447708,NA,
1099564,106986,
3473920,NA,
5836086,NA,
4200328,NA,
643325,45145,
888914,85155,
643310,45156,
925051,89370,
957536,89059,
888976,83468,
888961,87663,
4049975,283932,
957617,NA,
957524,87037,
4708274,NA,
888933,84324,
6944883,NA,
4049963,283920,
957673,87926,
3438500,NA,
4050248,284041,
6281541,NA,
4708278,NA,
4050189,283935,
3473843,NA,
3461760,NA,
6680933,NA,
888904,87105,
4447608,NA,
3461762,NA,
6281597,NA,
3459245,NA,
6281575,NA,
957531,87896,
3461764,NA,
3438201,NA,
3461716,NA,
4447543,NA,
3473944,NA,
4050104,284138,
3461788,NA,
6281564,NA,
888981,85827,
957549,87688,
4050145,283875,
3459249,NA,
643314,45141,
888983,86617,
888917,86026,
4050155,283892,
2253731,86404,
957671,88911,
6688511,NA,
4894731,NA,
4049930,283879,
4050078,284093,
4050236,284006,
957551,87513,
958795,98365,
4050219,283982,
924979,84128,
7640191,NA,
4050021,283998,
2245051,NA,
957657,90348,
4447521,NA,
4447618,NA,
3459198,NA,
4050095,284131,
7640160,NA,
957564,85850,
957534,90092,
924949,83621,
925167,84935,
958803,98336,
3439896,NA,
4049985,283943,
6680912,NA,
3439903,NA,
6680928,NA,
957580,87303,
7640144,NA,
6281598,NA,
6281568,NA,
957496,89756,
7307260,NA,
4050202,283953,
3460407,NA,
3473902,NA,
3179680,NA,
6281621,NA,
888987,89156,
1335769,89723,
925072,NA,
4049939,283893,
842338,87694,
925153,90231,
1335695,84507,
925110,86824,
842328,84062,
3460425,NA,
6680914,NA,
4447537,NA,
3438523,NA,
3438515,NA,
957715,90755,
4050150,283883,
4447548,NA,
4049942,283896,
3473878,NA,
4447572,NA,
925047,88300,
3473840,NA,
888924,88818,
3439876,NA,
7420861,NA,
4447526,NA,
4200315,NA,
6281618,NA,
3438532,NA,
6281544,NA,
4050285,284100,
4708226,NA,
6281595,NA,
3438535,NA,
4050042,284041,
3461721,NA,
4050277,284090,
3473865,NA,
643331,45147,
643344,45151,
4708310,NA,
888997,87105,
842344,84223,
5693171,NA,
3439891,NA,
888963,88546,
4050177,283918,
4894737,NA,
3459175,NA,
4049972,283929,
888926,89743,
957508,84511,
958799,86649,
4447703,NA,
3438582,NA,
3438212,NA,
925126,84130,
957650,85662,
3439886,NA,
6680953,NA,
4447644,NA,
958807,98339,
925005,89764,
925025,85766,
6680869,NA,
4447584,NA,
6680852,NA,
3459218,NA,
6680883,NA,
6281577,NA,
4447500,NA,
6400091,NA,
3461737,NA,
4708269,NA,
7640206,NA,
3439935,NA,
3438574,NA,
888910,90616,
4723156,NA,
4708277,NA,
4049964,283921,
4050159,283896,
643335,45149,
4049993,NA,
924992,86876,
957583,90763,
925030,86093,
889030,85955,
4080760,284268,
842385,86990,
3461792,NA,
3439888,NA,
958818,NA,
6680850,NA,
925205,84555,
925010,90239,
3459195,NA,
4050005,283974,
6281545,NA,
3459186,NA,
925048,88754,
7640151,NA,
4894739,NA,
3460416,NA,
3438572,NA,
4050158,283895,
3460414,NA,
6400095,NA,
6680899,NA,
5977919,NA,
643359,45157,
4050098,284124,
4049954,283911,
925024,85348,
6281571,NA,
5923794,NA,
3439949,NA,
842349,85395,
2253784,88242,
842343,83581,
925062,84555,
957731,89976,
4049959,283916,
957703,85019,
4447578,NA,
925130,85361,
957711,86593,
3439972,NA,
3473883,NA,
888919,86429,
7640196,NA,
957656,87565,
4050029,284007,
957514,90448,
6680930,NA,
925050,89267,
957699,85859,
3438550,NA,
3439927,NA,
3438587,NA,
6281588,NA,
925001,89015,
6680951,NA,
6680868,NA,
3461739,NA,
5165998,NA,
3439964,NA,
3461735,NA,
3473921,NA,
6302856,NA,
643363,45158,
643365,45159,
925075,NA,
3473900,NA,
925078,84778,
957649,90391,
842323,87618,
957702,89424,
925113,88657,
4894728,NA,
925210,89853,
924981,84130,
4050263,284068,
925082,85771,
643383,45149,
1335659,87939,
957652,84235,
3438222,NA,
842332,86251,
924938,86446,
2244996,NA,
4447624,NA,
4447567,NA,
4049922,283868,
925100,84740,
4050170,283911,
3459167,NA,
6680954,NA,
957628,NA,
6680971,NA,
4050281,282257,
3439940,NA,
4447640,NA,
3439967,NA,
3459174,NA,
4894730,NA,
957690,84481,
924980,84129,
5442564,NA,
4049979,283936,
1335665,85411,
6680919,NA,
957629,85963,
888895,89156,
842346,84669,
2253717,88038,
4708329,NA,
4049969,283926,
889056,88546,
2253746,89011,
924943,88250,
4049929,283877,
3460424,NA,
925102,84769,
4049965,283922,
6281550,NA,
924962,86328,
4050025,284003,
957507,85064,
4050143,283873,
925209,89519,
889000,89427,
4447505,NA,
957586,83522,
4050156,283893,
4050227,283995,
842391,88046,
957708,85607,
2245034,NA,
4049960,283917,
3439909,NA,
957533,88911,
3439913,NA,
3439912,NA,
888952,90650,
6281563,NA,
6281582,NA,
3439958,NA,
3459235,NA,
3459223,NA,
3459213,NA,
5156741,NA,
4708240,NA,
4050036,284021,
4708276,NA,
3461752,NA,
925194,89370,
957518,90351,
4447568,NA,
4050176,283917,
957603,83815,
643371,45162,
925093,89465,
2253705,85151,
1099570,106992,
4080763,284271,
889054,87663,
4050205,283958,
925200,90130,
888931,83808,
957722,84733,
842363,87855,
924976,90380,
3461787,NA,
925020,84435,
925145,88118,
4050044,284044,
3459210,NA,
957554,86471,
888947,89446,
842404,90539,
4080785,277346,
3179687,NA,
889052,89574,
925021,84534,
4050264,284070,
957661,88709,
6680939,NA,
6680879,NA,
957697,85849,
3460433,NA,
6680949,NA,
3438503,NA,
3460423,NA,
7640242,NA,
4050012,283983,
3295688,NA,
2253704,84062,
643349,45153,
3179692,NA,
4050093,284120,
925197,89703,
4447711,NA,
888935,85689,
4050140,283868,
925170,85766,
4050065,284075,
957520,88063,
957667,85204,
3461777,NA,
957519,89885,
957581,89468,
889048,85431,
7640203,NA,
957710,89890,
924932,84778,
4050286,NA,
4447629,NA,
3461786,NA,
3461763,NA,
1335670,85571,
1335689,85587,
4050032,NA,
925138,86940,
6281540,NA,
957630,89964,
924972,89970,
4447625,NA,
888930,83632,
842330,85357,
957632,NA,
3473948,NA,
842397,89049,
3473895,NA,
3179697,NA,
4050194,283941,
3473838,NA,
842364,87867,
4080761,284269,
3438208,NA,
888944,89065,
3439897,NA,
925185,87801,
925103,84779,
3473854,NA,
4050067,284078,
925084,86446,
4050014,283987,
4050258,284061,
7640195,NA,
957529,85204,
4050276,284089,
957655,87780,
6680935,NA,
6281576,NA,
3438188,NA,
4708284,NA,
3459250,NA,
925158,90195,
3473941,NA,
4708237,NA,
3439923,NA,
4894741,NA,
3461718,NA,
957663,86001,
3460402,NA,
3461734,NA,
3461744,NA,
3473855,NA,
1099557,106979,
4447649,NA,
2253788,85233,
957669,87896,
842355,86381,
888977,83476,
957545,90737,
1335668,87931,
4050056,284062,
888950,90417,
4447562,NA,
4708232,NA,
2245033,NA,
957521,85186,
925034,86229,
4050017,283993,
4050059,284066,
1335677,83847,
1335686,83831,
4708281,NA,
957599,84320,
842369,89011,
4447565,NA,
4447553,NA,
3473882,NA,
4447719,NA,
3438204,NA,
4049980,283937,
4447627,NA,
6281569,NA,
4708287,NA,
4447516,NA,
3438543,NA,
3459214,NA,
3439925,NA,
957530,88009,
5530529,NA,
3439959,NA,
4049988,283948,
957568,89424,
7640128,NA,
925156,90241,
889043,90417,
2253730,86295,
1099573,106979,
643320,45143,
925063,85215,
4049968,283925,
888958,88355,
957678,87494,
925152,90216,
2253726,85812,
4050089,284110,
4050084,284100,
957598,87478,
925133,86208,
4050003,283971,
925159,NA,
3459168,NA,
7640185,NA,
4049974,283931,
4080778,284299,
7322516,NA,
3459251,NA,
6202562,NA,
957729,84981,
3459206,NA,
957528,88373,
3439880,NA,
4894722,NA,
6680909,NA,
3439892,NA,
7640104,NA,
924959,85550,
4708248,NA,
3473852,NA,
643307,45139,
3473906,NA,
925161,83809,
888903,87046,
4050004,283973,
3438193,NA,
888915,85592,
957578,89890,
4050249,284042,
957619,NA,
957597,89663,
924974,90260,
4447554,NA,
4050163,283903,
889020,89876,
1335660,84271,
925162,84040,
957595,90591,
4447542,NA,
842370,89386,
888945,89197,
842388,87715,
3461773,NA,
3439917,NA,
3438530,NA,
4049990,283951,
3461796,NA,
4708249,NA,
4447589,NA,
925178,86191,
4050213,283971,
3459243,NA,
6680862,NA,
4050169,283910,
4050185,283928,
3461745,NA,
3460404,NA,
842377,84858,
4708272,NA,
924968,88662,
957704,88724,
957591,84733,
643342,45125,
2253753,84205,
2253729,86022,
957725,NA,
957734,84506,
4708241,NA,
957504,89094,
925132,85970,
925166,84534,
7640193,NA,
888971,90470,
957557,90011,
4447676,NA,
889025,84306,
3461733,NA,
4050137,283865,
4050070,284083,
842412,85233,
888979,84738,
643316,45142,
4894733,NA,
888905,87868,
888920,86576,
924948,90690,
3461801,NA,
957501,89079,
4447532,NA,
4447622,NA,
7516211,NA,
3438547,NA,
6281552,NA,
6021546,NA,
4447639,NA,
6281606,NA,
3459184,NA,
3459196,NA,
4708254,NA,
4050069,284082,
7640107,NA,
925203,84008,
925022,84935,
3438218,NA,
842352,85948,
958792,98331,
925115,88672,
925169,85348,
3473911,NA,
4708255,NA,
3473890,NA,
925096,83675,
4200313,NA,
924997,87447,
3461722,NA,
4050195,283942,
957645,89669,
4050183,283926,
4050074,284088,
7640171,NA,
925157,90245,
2253719,83581,
4708245,NA,
3461749,NA,
4708262,NA,
4894732,NA,
6302847,NA,
6680942,NA,
4447534,NA,
957730,83945,
4708285,NA,
3461774,NA,
4447536,NA,
4050199,283948,
3460441,NA,
3460448,NA,
3461725,NA,
4447481,NA,
4050270,284082,
3461729,NA,
4447718,NA,
4447484,NA,
888964,88649,
957561,90070,
4050112,284148,
6302861,NA,
6281562,NA,
842410,89895,
4050193,283939,
842348,84847,
3439954,NA,
888982,86397,
4447510,NA,
4200314,NA,
957497,89194,
957499,84107,
3473955,NA,
925067,89853,
6077092,NA,
4049955,283912,
6046950,NA,
1335672,84326,
925039,87760,
3473888,NA,
4447525,NA,
4050144,283874,
3439907,NA,
957631,NA,
925046,88267,
3439915,NA,
6281601,NA,
3460422,NA,
6985057,NA,
4050049,284053,
3459177,NA,
925105,85550,
925104,84843,
3460438,NA,
4447512,NA,
4447580,NA,
2253686,83643,
3461799,NA,
842394,88612,
3473952,NA,
957552,87520,
4050117,284155,
925003,89673,
1335680,85867,
957676,90722,
2253773,88920,
3438228,NA,
5442565,NA,
957532,84796,
924942,87422,
957584,90755,
924947,89465,
888911,83559,
842327,83768,
925008,90237,
4033622,NA,
957563,85849,
925154,90237,
4050121,284159,
924988,86208,
4050261,284064,
4050165,283905,
3473910,NA,
4050240,NA,
3438195,NA,
3473905,NA,
4447606,NA,
3460426,NA,
3439974,NA,
7640175,NA,
4447563,NA,
3460437,NA,
7640123,NA,
7640113,NA,
842411,84160,
7640224,NA,
924951,83800,
3460399,NA,
4708289,NA,
4447490,NA,
643313,45131,
2253748,89759,
925079,84913,
643315,45158,
888901,86606,
4050062,284071,
957612,NA,
924969,88672,
842392,88282,
4049924,283871,
4050175,283916,
4050250,284044,
925027,85784,
925121,90364,
4447581,NA,
4050235,284005,
6680877,NA,
957698,85850,
925009,90231,
4708320,NA,
925073,NA,
4050273,284085,
3460443,NA,
4447502,NA,
4050161,283899,
842405,85585,
958813,NA,
4049931,283881,
6680846,NA,
6680864,NA,
3438571,NA,
888913,85009,
643368,45160,
4050134,284172,
4080765,284273,
4050196,283943,
4050265,284071,
842329,85151,
4050231,284001,
2253716,88028,
924960,85924,
4050269,284079,
3460452,NA,
924965,87332,
2253783,88207,
924996,87379,
925018,84308,
3438219,NA,
4050073,284087,
3473901,NA,
643323,45162,
957646,86689,
957590,85627,
3438556,NA,
3461750,NA,
3461782,NA,
957602,89976,
889044,90452,
4951599,NA,
957555,88856,
7640235,NA,
643373,45145,
2250824,88075,
2253690,84637,
3473931,NA,
4050172,283913,
842396,88920,
2253697,86101,
842354,86295,
842353,86022,
924946,88661,
4050278,284092,
4050242,284017,
842375,84134,
5530530,NA,
4050181,283924,
4050046,284047,
889011,86384,
888907,89427,
4050186,283929,
889868,85843,
4447617,NA,
957727,87478,
4447615,NA,
957672,90092,
888928,90335,
3459241,NA,
3439873,NA,
3461771,NA,
3439944,NA,
4050066,284077,
4050173,283914,
925192,89174,
4050184,283927,
643357,45140,
643350,45137,
4447695,NA,
3179638,NA,
1099579,106985,
925151,89877,
842407,88207,
1335661,88490,
2511636,NA,
4447632,NA,
2253720,84223,
1099571,106993,
4447549,NA,
889010,86026,
4049957,283914,
4050252,284053,
924944,88375,
842368,88930,
6281617,NA,
6281539,NA,
6281580,NA,
3461756,NA,
3461738,NA,
4781292,NA,
925064,88198,
4447687,NA,
3438589,NA,
3179683,NA,
4050125,284163,
3473877,NA,
4050282,284096,
4080780,284301,
4050101,284135,
4050130,284168,
957593,86243,
4050210,283967,
4049986,283945,
957679,85192,
842380,85079,
957634,NA,
4049926,283873,
957560,89209,
4080767,284276,
4050147,283879,
7321978,NA,
4049995,283959,
888991,85730,
957613,NA,
3438561,NA,
6281555,NA,
4447732,NA,
3438562,NA,
6281558,NA,
957689,88856,
925028,85785,
3460412,NA,
925033,86191,
3461731,NA,
1335673,88302,
925002,89534,
3438541,NA,
924998,87786,
4200331,NA,
5075418,NA,
2336243,NA,
643328,45135,
1099568,106990,
889042,90021,
4447518,NA,
4050028,284006,
889041,89867,
3438196,NA,
842335,87099,
4447541,NA,
924958,84843,
889013,86576,
4080764,284272,
4050008,283979,
842331,85822,
842403,90434,
3461730,NA,
957506,86689,
889057,88649,
957719,85704,
957615,NA,
3439928,NA,
4049945,283899,
5917415,NA,
4708304,NA,
4050239,NA,
3459183,NA,
3460451,NA,
3438221,NA,
957653,84194,
3459173,NA,
4049976,283933,
4050271,284083,
3460429,NA,
3461732,NA,
4447591,NA,
6714987,NA,
4447700,NA,
2253790,88332,
2253724,84847,
888999,88136,
888989,90458,
3438231,NA,
925144,87986,
957668,88009,
4050085,NA,
957665,88153,
888957,85697,
4050018,283994,
925053,89550,
925176,86106,
643309,45140,
3473850,NA,
3438216,NA,
3438200,NA,
889045,90650,
4708293,NA,
3461776,NA,
957681,90737,
2253727,85887,
4050076,284090,
3461736,NA,
3439901,NA,
888984,86963,
4447614,NA,
2244995,NA,
4050020,283997,
889053,84329,
4781353,NA,
957571,84168,
3473889,NA,
842383,85685,
957535,87926,
3473923,NA,
4050079,284094,
889033,87004,
2245052,NA,
4050060,284068,
925016,83809,
4050234,284004,
4050141,283872,
842381,85343,
925114,88662,
5427305,NA,
4708250,NA,
925135,86609,
925122,90380,
957639,84107,
4050233,284003,
4050289,284108,
6281549,NA,
888906,88136,
3473930,NA,
3438520,NA,
6281554,NA,
7640220,NA,
1335666,83949,
957553,88566,
888959,89574,
7640114,NA,
4447498,NA,
889015,87505,
4447501,NA,
6680848,NA,
4050217,283978,
3179648,NA,
643386,45150,
4734770,277336,
842393,88434,
2253703,83768,
957633,NA,
3473847,NA,
925035,86704,
2253712,87419,
889012,86429,
6680901,NA,
958800,98369,
925040,87801,
4447634,NA,
3461803,NA,
3473903,NA,
4447493,NA,
3438187,NA,
924952,84454,
3438566,NA,
3438527,NA,
3438551,NA,
957718,88632,
924991,86694,
924978,84093,
4080756,284255,
842340,88028,
3438184,NA,
643372,45144,
4447555,NA,
643353,45155,
4050171,283912,
4708315,NA,
925085,86947,
4447653,NA,
4050220,283983,
924941,87338,
1335669,85569,
842389,87877,
4708244,NA,
957512,84235,
3438563,NA,
957688,86471,
3439938,NA,
6281609,NA,
957723,90783,
4080783,277335,
4050253,284054,
957692,90628,
3460410,NA,
4050090,284115,
842372,89874,
643362,45141,
888886,84452,
643351,45154,
4050127,284165,
888954,84538,
924936,85771,
957509,90391,
4050149,283882,
2253743,88579,
925206,85215,
4050267,284077,
4447482,NA,
4447524,NA,
4447717,NA,
3439914,NA,
888922,87505,
3461755,NA,
925076,NA,
924964,86824,
957526,83653,
3461753,NA,
842351,85887,
4447533,NA,
4447564,NA,
5530528,NA,
925141,87379,
6680918,NA,
6680900,NA,
2253694,85492,
3179671,NA,
4050124,284162,
2253769,88282,
888927,89876,
957659,88063,
4049953,283910,
924956,84769,
1099569,106991,
6377807,NA,
4050179,283920,
924934,85572,
842362,87743,
957540,90722,
957732,83815,
925015,83789,
4080752,277324,
3438526,NA,
4447509,NA,
4050053,284059,
4708300,NA,
957566,85854,
7640161,NA,
4050280,284094,
4050167,283908,
957707,86886,
4050283,284097,
4050105,284139,
925193,89267,
643298,45152,
3179653,NA,
4708322,NA,
4080755,284251,
3438512,NA,
842350,85812,
925189,88267,
2253787,84160,
925071,NA,
889051,88355,
957640,89381,
889034,87079,
889031,86993,
957614,NA,
3459189,NA,
1335685,89272,
4049956,283913,
6680940,NA,
4050058,284064,
3473922,NA,
925865,87814,
4447635,NA,
4050204,283957,
925208,89410,
924993,86940,
643345,45127,
4708308,NA,
5711027,NA,
842313,84637,
4050054,284060,
888960,84329,
957622,NA,
2253778,90410,
4050244,284029,
4050010,282255,
957682,87424,
1335674,87449,
888900,86237,
957705,87302,
3473857,NA,
888986,87622,
3438560,NA,
3438214,NA,
3438553,NA,
957627,NA,
4049928,283875,
925164,84309,
643374,45134,
643326,45134,
643369,45143,
4050047,284050,
4050116,284154,
888966,83624,
4050071,284084,
4049966,283923,
889002,89968,
842409,88973,
4447527,NA,
4200311,NA,
4049997,283961,
889029,85910,
3473860,NA,
3473934,NA,
2253756,84970,
6680866,NA,
2253758,85648,
957683,87688,
3438559,NA,
4050016,283992,
3461770,NA,
888936,85910,
4050251,284045,
4050083,284099,
6680902,NA,
4447503,NA,
2253706,85357,
4049983,283941,
2253761,86990,
4049999,283964,
888949,90021,
4080773,284294,
1099562,106984,
4050168,283909,
925109,86549,
889001,89460,
6281584,NA,
842320,86101,
925023,84956,
4050091,284116,
925041,87814,
4447588,NA,
643377,45167,
1099567,106989,
4447688,NA,
4080770,284284,
842326,90712,
3438588,NA,
4049943,283897,
4080868,283963,
925074,NA,
925044,88128,
925118,89970,
4050275,284088,
4447647,NA,
4200312,NA,
924935,85733,
4050138,283866,
957717,83522,
3978545,NA,
5693173,NA,
2189367,NA,
4050230,283999,
887877,87724,
4447651,NA,
4080781,284302,
842360,87387,
888946,89264,
888899,85730,
889023,83632,
4050033,284015,
643306,45138,
842415,88332,
889038,89197,
842339,87706,
3473914,NA,
842373,83446,
3438555,NA,
4049933,283883,
1099563,106985,
1099561,106983,
643337,45165,
2253770,88612,
3439929,NA,
842365,88361,
888953,90655,
842345,84581,
2253709,86371,
842401,89864,
4447576,NA,
924983,84900,
4050192,283938,
3473938,NA,
4447547,NA,
4080766,284275,
889006,85009,
4447604,NA,
4049920,283865,
4447664,NA,
4050094,284119,
889027,85651,
3438519,NA,
842315,84653,
888894,87622,
4049952,283909,
2253754,84858,
924971,89119,
3438575,NA,
888902,86925,
4447698,NA,
4708309,NA,
6302842,NA,
4200316,NA,
925061,84009,
957677,88174,
6281593,NA,
643333,45164,
1099584,106990,
1099583,106989,
4050215,283974,
2253725,85395,
842374,84025,
957623,NA,
2253715,87706,
643380,45148,
2253772,89049,
3179694,NA,
924940,87138,
4447690,NA,
3473858,NA,
2253740,87855,
888985,87399,
4708260,NA,
3438539,NA,
3473943,NA,
4200333,NA,
4447616,NA,
4447730,NA,
643341,45166,
925081,85733,
842334,86395,
2253711,87099,
888996,87046,
889046,90655,
2253742,88361,
4080779,284300,
957608,88711,
842359,87311,
3473919,NA,
3438509,NA,
3473885,NA,
4708323,NA,
925052,89477,
4050129,284167,
6281616,NA,
925172,85784,
6281560,NA,
925042,87843,
2253721,84581,
888884,83468,
4050099,284127,
2253750,83446,
4050198,283946,
925150,89764,
4050041,NA,
957538,86569,
889028,85689,
3473834,NA,
4447540,NA,
4049951,283908,
4050122,284160,
6281561,NA,
888951,90452,
1335690,85588,
4447599,NA,
7640241,NA,
6302857,NA,
888891,86617,
4447561,NA,
2253768,88434,
6281590,NA,
925165,84435,
2253765,87724,
5075987,NA,
4050120,284158,
889022,90553,
888968,85060,
4050108,284144,
3473851,NA,
3473846,NA,
4708267,NA,
888898,83451,
3179689,NA,
844766,87022,
4117561,284270,
2253723,84788,
2253767,88046,
957500,89381,
888893,87399,
4050114,284152,
888923,87822,
4557663,NA,
4447476,NA,
889021,90335,
4447658,NA,
957625,NA,
4050052,284058,
4708233,NA,
957621,NA,
957579,86593,
643312,45130,
643385,45165,
1099586,106992,
1099558,106980,
2253718,88730,
4049935,283885,
888980,85674,
842402,90410,
842347,84788,
3473870,NA,
6680859,NA,
3439919,NA,
3438209,NA,
4708325,NA,
3460442,NA,
924933,84913,
4447691,NA,
4708288,NA,
4447517,NA,
2253738,87733,
842308,83496,
6281615,NA,
925077,NA,
924937,86047,
889039,89264,
3438229,NA,
4080786,278795,
643346,45152,
4787624,118404,
4050131,284169,
4447710,NA,
4447586,NA,
957547,87424,
643370,45161,
3473881,NA,
889035,87858,
3438504,NA,
6302860,NA,
6281542,NA,
957611,NA,
889019,89743,
888889,85827,
4050132,284170,
4050102,284136,
4708259,NA,
4447650,NA,
888888,85674,
4080758,284266,
643389,45166,
5615604,NA,
957498,84266,
4447699,NA,
4050002,283970,
4708312,NA,
7264118,NA,
1335683,89394,
4050026,284004,
925199,89868,
4447683,NA,
842324,87764,
2253692,84653,
643301,45153,
2253766,87877,
1099587,106993,
4447486,NA,
4447727,NA,
842312,84585,
925036,86789,
4200319,NA,
4050111,284147,
957721,85627,
2253751,84025,
925099,84464,
925089,88250,
643366,45132,
643358,45156,
842341,88038,
3438191,NA,
957587,88632,
888992,85843,
925111,87332,
643330,45146,
4447728,NA,
3473869,NA,
4050100,284134,
4080776,284297,
4050151,283884,
3473940,NA,
842400,89485,
643381,45164,
4447546,NA,
2253736,87311,
2253698,86339,
4050133,284171,
957522,88709,
2253779,90434,
888892,86963,
925108,86328,
888988,90363,
2253776,89485,
3473853,NA,
3473887,NA,
888942,87858,
3438197,NA,
4050126,284164,
4050063,284074,
643317,45159,
4447735,NA,
1099585,106991,
2253764,87715,
842342,88730,
1099565,106987,
6302845,NA,
957658,89885,
3438211,NA,
842384,85906,
4049919,283862,
643392,45151,
842311,84569,
888956,85579,
2253781,85585,
4447529,NA,
842371,89759,
3473861,NA,
4050048,284051,
842357,86409,
888969,85530,
842322,86957,
957548,87431,
1099588,106994,
2253774,89324,
2253696,85989,
3438510,NA,
4050107,284142,
643354,45138,
2253780,90539,
3179655,NA,
4080753,284253,
2253749,89874,
5135157,NA,
2253735,87022,
2253710,86395,
3461726,NA,
4447556,NA,
842366,88579,
924945,88627,
643361,45131,
3473842,NA,
2253733,86409,
2253708,86251,
3473856,NA,
4602576,NA,
2253763,87171,
925088,87422,
3179663,NA,
842390,88075,
3473929,NA,
4447679,NA,
1099581,106987,
4050040,284031,
4447656,NA,
842387,87171,
2253732,86381,
4050224,283992,
888973,88673,
842376,84205,
643378,45146,
3473937,NA,
957596,86915,
2253734,86976,
3438548,NA,
3438205,NA,
889024,83808,
957624,NA,
2253786,89895,
4447590,NA,
4447692,NA,
3438529,NA,
957513,84194,
957546,90742,
4447557,NA,
4050188,283934,
643379,45147,
2253785,88973,
4080777,284298,
2253707,85822,
4447496,NA,
3473912,NA,
643336,45122,
888896,90363,
4708314,NA,
3473868,NA,
888970,87409,
842386,87070,
643308,45129,
3179674,NA,
643334,45121,
957626,NA,
5699275,NA,
4447720,NA,
2253752,84134,
2253714,87694,
1099566,106988,
888890,86397,
842314,84646,
842316,84664,
4080775,284296,
4447689,NA,
2253685,83496,
842318,85670,
4447654,NA,
2253747,89386,
4447721,NA,
643348,45120,
2253739,87743,
643311,45157,
4447677,NA,
4447528,NA,
2253782,88351,
842337,87560,
643318,45132,
957609,90739,
2156351,85079,
888972,88658,
2253777,89864,
4447707,NA,
2253713,87560,
2253689,84585,
3473915,NA,
4447681,NA,
4050009,283980,
643355,45139,
888967,83725,
3473924,NA,
4080757,284258,
643332,45148,
643329,45167,
888885,83476,
643376,45135,
888975,NA,
2253757,85343,
1099576,106982,
2253762,87070,
643340,45124,
2253741,87867,
1099582,106988,
2253775,89437,
643347,45136,
643343,45126,
3473935,NA,
2253722,84669,
3473898,NA,
842408,88242,
4080769,284283,
4708301,NA,
842319,85989,
3438557,NA,
2253755,84930,
889040,89446,
3438190,NA,
2253688,84569,
842317,85492,
4447669,479881,
888965,83590,
4447508,NA,
643393,45127,
4050123,284161,
4080771,284286,
2253771,88738,
4447585,NA,
4955027,NA,
643303,45154,
4081135,284290,
888932,84306,
2245074,NA,
3438518,NA,
643388,45124,
4080759,284267,
842325,90313,
4708324,NA,
3473953,NA,
2253759,85685,
3438217,NA,
4050106,284141,
2253695,85670,
2253693,84664,
4050097,284122,
4447684,NA,
4447706,NA,
643352,45128,
4050103,284137,
2253791,87668,
4050118,284156,
2253745,88930,
643387,45123,
1099580,106986,
643304,45128,
643356,45129,
4447693,NA,
643339,45123,
888974,88678,
4050110,284146,
4447733,NA,
2253744,88601,
3473949,NA,
1099559,106981,
643367,45133,
643391,45126,
643382,45121,
6302850,NA,
2253728,85948,
2253701,87764,
842321,86339,
957616,NA,
2253691,84646,
643327,161751,
643390,45125,
643360,45130,
842310,84196,
643300,45120,
2253687,84196,
2253700,87618,
2253702,90712,
2253684,90313,
2253699,86957,
643384,45122,
643375,45163,
643319,45133,
