PCID,TCGID,
3459536,NA,
3459404,NA,
3465051,NA,
3462047,NA,
6076373,NA,
7063699,NA,
5442439,NA,
3507272,NA,
3471903,NA,
3472589,NA,
3471843,NA,
3471824,NA,
3445639,NA,
3507351,NA,
3468415,NA,
3468374,NA,
3471793,NA,
3465053,NA,
3471761,NA,
3507255,NA,
3507251,NA,
3667121,NA,
3507448,NA,
4050294,NA,
3459456,NA,
3439509,NA,
7401317,NA,
4894512,NA,
3439451,NA,
3439558,NA,
3439662,NA,
3469319,NA,
3507401,NA,
3460843,NA,
3507369,NA,
3507127,NA,
3469294,NA,
3507180,NA,
3440680,NA,
3468419,NA,
3460816,NA,
6210767,NA,
3471809,NA,
3468906,NA,
3465418,NA,
3439547,NA,
3468880,NA,
3440652,NA,
3459982,NA,
3507190,NA,
3469335,NA,
3469321,NA,
3473457,NA,
3473439,NA,
3460850,NA,
3468937,NA,
3473425,NA,
6234657,NA,
3460820,NA,
3459975,NA,
3465095,NA,
3459539,NA,
3465458,NA,
3439159,NA,
3468903,NA,
3445682,NA,
5827436,NA,
3462072,NA,
4175786,NA,
3439490,NA,
3439448,NA,
3471753,NA,
3471834,NA,
3507326,NA,
3460851,NA,
7309964,NA,
3465472,NA,
3473346,NA,
3445632,NA,
3469661,NA,
3473514,NA,
3462053,NA,
3507329,NA,
3468377,NA,
3459446,NA,
3468886,NA,
3472597,NA,
7401308,NA,
3439551,NA,
3459461,NA,
7401319,NA,
3439171,NA,
3440656,NA,
3461150,NA,
3461191,NA,
3473500,NA,
3462085,NA,
3459568,NA,
3445678,NA,
3471750,NA,
3507284,NA,
3507261,NA,
3471795,NA,
5827440,NA,
3468899,NA,
3439420,NA,
3460854,NA,
3507331,NA,
3457640,NA,
3507130,NA,
3507230,NA,
5952690,NA,
3462056,NA,
3473374,NA,
3473483,NA,
3473438,NA,
3445696,NA,
6551422,NA,
3462052,NA,
3462074,NA,
3439566,NA,
3507400,NA,
3465450,NA,
3471907,NA,
3459516,NA,
3465455,NA,
3472601,NA,
6076359,NA,
3439463,NA,
3472608,NA,
3471820,NA,
3459479,NA,
3468370,NA,
3461157,NA,
3473445,NA,
3462055,NA,
3469644,NA,
6076376,NA,
3462048,NA,
3462025,NA,
3462024,NA,
3459515,NA,
3459603,NA,
5952727,NA,
3667184,NA,
3507265,NA,
3507257,NA,
3459441,NA,
3460856,NA,
3471821,NA,
3468925,NA,
3473460,NA,
4175793,NA,
3471854,NA,
3439392,NA,
3439567,NA,
3439546,NA,
5952663,NA,
3468429,NA,
5952711,NA,
3440593,NA,
4894509,NA,
3445627,NA,
3462026,NA,
5442442,NA,
3471776,NA,
5404580,NA,
3471858,NA,
3468358,NA,
3459549,NA,
3471764,NA,
3465046,NA,
3468373,NA,
3465071,NA,
3460813,NA,
3465091,NA,
3473517,NA,
3473381,NA,
3471871,NA,
3469325,NA,
3473410,NA,
3445783,NA,
3445620,NA,
3473492,NA,
3462081,NA,
3465086,NA,
3462019,NA,
3445651,NA,
3445629,NA,
3468395,NA,
3439421,NA,
3471889,NA,
3459990,NA,
3439564,NA,
5836045,NA,
3439487,NA,
3473509,NA,
7309961,NA,
3439407,NA,
7226078,NA,
3471904,NA,
3457641,NA,
3507446,NA,
3468425,NA,
3440643,NA,
3461139,NA,
3469600,NA,
3473361,NA,
7401314,NA,
3471759,NA,
3471788,NA,
3469629,NA,
3459566,NA,
3445573,NA,
3459592,NA,
5705475,NA,
5827430,NA,
3445617,NA,
3465413,NA,
3459520,NA,
3459425,NA,
3507439,NA,
3468400,NA,
3439692,NA,
6739960,NA,
3459605,NA,
3439531,NA,
3439431,NA,
3471908,NA,
3445741,NA,
3507274,NA,
3468345,NA,
6076355,NA,
3469332,NA,
3459551,NA,
3468416,NA,
3459607,NA,
3507134,NA,
3440661,NA,
3471781,NA,
3473402,NA,
3440613,NA,
3471779,NA,
3507239,NA,
5827435,NA,
3471825,NA,
3459440,NA,
3461152,NA,
3459960,NA,
3457698,NA,
3460822,NA,
3465462,NA,
3471789,NA,
3459430,NA,
3507240,NA,
3473486,NA,
3471749,NA,
3465469,NA,
3471870,NA,
4050357,NA,
3465442,NA,
3465432,NA,
3507292,NA,
7309970,NA,
3473345,NA,
3439177,NA,
3469288,NA,
3473427,NA,
3473498,NA,
3461176,NA,
6076358,NA,
5952669,NA,
3445766,NA,
3471735,NA,
3445576,NA,
3445552,NA,
3439476,NA,
3462013,NA,
3468369,NA,
3667182,NA,
3471736,NA,
3439430,NA,
3507306,NA,
3439452,NA,
3471823,NA,
3465452,NA,
4050349,NA,
3459994,NA,
3439151,NA,
3439457,NA,
3439409,NA,
3472573,NA,
4175776,NA,
3465467,NA,
3507359,NA,
3507131,NA,
3459972,NA,
3465099,NA,
3465052,NA,
6984025,NA,
3473347,NA,
3460849,NA,
3459981,NA,
3440612,NA,
3473362,NA,
3473388,NA,
3507337,NA,
3469656,NA,
3462031,NA,
3469280,NA,
5952666,NA,
5952673,NA,
5442432,NA,
3473437,NA,
3445591,NA,
3459558,NA,
3507319,NA,
3460838,NA,
3473376,NA,
3468360,NA,
3445671,NA,
3507433,NA,
3465438,NA,
3459426,NA,
3471917,NA,
3667185,NA,
3507358,NA,
3473430,NA,
3473481,NA,
3473467,NA,
3459489,NA,
3507361,NA,
3468404,NA,
3445605,NA,
3472602,NA,
3465077,NA,
3473359,NA,
3465429,NA,
3461175,NA,
3469285,NA,
3439512,NA,
3439135,NA,
3469303,NA,
3440632,NA,
3462069,NA,
3459604,NA,
3462080,NA,
7444349,NA,
3457676,NA,
3459602,NA,
3462044,NA,
3457646,NA,
3439152,NA,
4175781,NA,
3445698,NA,
3507431,NA,
3507298,NA,
3465089,NA,
3459596,NA,
3471743,NA,
3439508,NA,
3472547,NA,
3472552,NA,
3507396,NA,
7063698,NA,
3471850,NA,
3461174,NA,
3439434,NA,
3439549,NA,
4050359,NA,
3507362,NA,
3472576,NA,
3507423,NA,
3459941,NA,
3473495,NA,
3440665,NA,
3459552,NA,
3465461,NA,
3507426,NA,
3472563,NA,
3465453,NA,
3471909,NA,
3468895,NA,
3440687,NA,
3507258,NA,
3507205,NA,
3507434,NA,
5952728,NA,
3471815,NA,
3472575,NA,
3439124,NA,
3465082,NA,
3439187,NA,
3439160,NA,
3468430,NA,
3507175,NA,
5952721,NA,
3440591,NA,
3445695,NA,
5952754,NA,
3439145,NA,
5442434,NA,
3445665,NA,
3473444,NA,
3685011,NA,
3667147,NA,
3473377,NA,
3445613,NA,
3459514,NA,
3459533,NA,
3465097,NA,
3457663,NA,
3473472,NA,
3439178,NA,
3445673,NA,
3462035,NA,
3507172,NA,
3507112,NA,
3667176,NA,
3439568,NA,
3460834,NA,
3473508,NA,
3459439,NA,
3472556,NA,
3468390,NA,
3439453,NA,
3468911,NA,
7063700,NA,
3459417,NA,
3438267,NA,
3507420,NA,
3465427,NA,
3472569,NA,
3507391,NA,
3457679,NA,
3439427,NA,
3461188,NA,
3507339,NA,
3439400,NA,
3469318,NA,
3507234,NA,
3468389,NA,
3468936,NA,
3473352,NA,
3472587,NA,
3507198,NA,
3473367,NA,
3507176,NA,
3473520,NA,
3438251,NA,
3440640,NA,
3445585,NA,
3461144,NA,
3445746,NA,
3445555,NA,
3462090,NA,
3469663,NA,
5923867,NA,
7309962,NA,
3462089,NA,
3473518,NA,
3465457,NA,
3465435,NA,
3471763,NA,
3471797,NA,
3439387,NA,
3440704,NA,
3471738,NA,
3459513,NA,
3439459,NA,
4127570,NA,
3507318,NA,
3439132,NA,
3439562,NA,
3471864,NA,
3439565,NA,
3471878,NA,
3471922,NA,
3439511,NA,
3465421,NA,
7309974,NA,
3471905,NA,
3472631,NA,
3460860,NA,
3459420,NA,
4050311,NA,
3461134,NA,
3461136,NA,
3507381,NA,
3471830,NA,
3469622,NA,
3471829,NA,
3468923,NA,
3507345,NA,
7401313,NA,
3459961,NA,
3472550,NA,
3445702,NA,
3445769,NA,
3439571,NA,
3445594,NA,
3473365,NA,
3439144,NA,
5952703,NA,
3473348,NA,
3440655,NA,
3468427,NA,
3471798,NA,
3473488,NA,
3465431,NA,
7226049,NA,
3473523,NA,
3439194,NA,
3445796,NA,
3507132,NA,
3473391,NA,
3507196,NA,
3473421,NA,
3445684,NA,
3445670,NA,
3445656,NA,
3465098,NA,
3445699,NA,
3462022,NA,
3439193,NA,
3469323,NA,
3439153,NA,
3459534,NA,
3445650,NA,
4175787,NA,
3459523,NA,
3507297,NA,
5952676,NA,
3445686,NA,
3468919,NA,
3462054,NA,
3507304,NA,
3507366,NA,
3465440,NA,
7063690,NA,
3439697,NA,
3471796,NA,
3473501,NA,
3439468,NA,
3440621,NA,
3459429,NA,
3471840,NA,
3471932,NA,
6315457,NA,
3439534,NA,
3506979,NA,
3459942,NA,
3471755,NA,
3507199,NA,
3439441,NA,
3507121,NA,
3507216,NA,
3507171,NA,
3507170,NA,
3507253,NA,
3468420,NA,
3471733,NA,
5953452,NA,
3473395,NA,
3462051,NA,
3445582,NA,
3473338,NA,
3445719,NA,
3465074,NA,
3462017,NA,
3469624,NA,
3445560,NA,
3468916,NA,
3469295,NA,
3445770,NA,
3445556,NA,
3459427,NA,
3685010,NA,
3667178,NA,
5403073,NA,
3459992,NA,
3472600,NA,
3439517,NA,
3462067,NA,
3473506,NA,
3472564,NA,
3459591,NA,
4642826,NA,
4175792,NA,
3507437,NA,
3459970,NA,
3472613,NA,
3468889,NA,
3439429,NA,
3459424,NA,
3473485,NA,
3472574,NA,
3507368,NA,
3471804,NA,
3439395,NA,
3473491,NA,
4175785,NA,
3507118,NA,
3445683,NA,
3507376,NA,
3465063,NA,
3465456,NA,
3471853,NA,
3667179,NA,
3507201,NA,
3440617,NA,
3460840,NA,
3461158,NA,
3439665,NA,
3468397,NA,
3459585,NA,
3471751,NA,
7401302,NA,
3465056,NA,
3473339,NA,
3468908,NA,
3507182,NA,
3473462,NA,
3469322,NA,
3469279,NA,
3473332,NA,
3473419,NA,
3473372,NA,
5952753,NA,
3445690,NA,
3440629,NA,
3462073,NA,
3473434,NA,
3445697,NA,
3667165,NA,
3462061,NA,
3445606,NA,
4175779,NA,
3473426,NA,
3440678,NA,
3473422,NA,
3461187,NA,
3473369,NA,
3445558,NA,
3465057,NA,
3469599,NA,
3439699,NA,
3439679,NA,
3469662,NA,
4050322,NA,
4050341,NA,
3465468,NA,
3440592,NA,
3507393,NA,
7063702,NA,
3439707,NA,
3507328,NA,
3460858,NA,
3469284,NA,
3468393,NA,
3507287,NA,
3439713,NA,
3468355,NA,
3507355,NA,
3471928,NA,
3471852,NA,
3439470,NA,
3471906,NA,
3439436,NA,
3439423,NA,
3439530,NA,
3507277,NA,
3465049,NA,
3507037,NA,
6076352,NA,
3460839,NA,
3465085,NA,
3439540,NA,
3465096,NA,
3460859,NA,
3439415,NA,
3461180,NA,
5952662,NA,
3465101,NA,
3471746,NA,
3507223,NA,
3667140,NA,
3439130,NA,
3471739,NA,
3462036,NA,
5952710,NA,
7221996,NA,
3507165,NA,
3459522,NA,
3445642,NA,
3473420,NA,
3465073,NA,
6423174,NA,
3462078,NA,
3459582,NA,
3469637,NA,
3507283,NA,
3457729,NA,
3459460,NA,
3459455,NA,
3507212,NA,
3459412,NA,
3507442,NA,
5952686,NA,
3473493,NA,
3471846,NA,
3459986,NA,
3507312,NA,
3472543,NA,
3667177,NA,
3471841,NA,
3459462,NA,
3439474,NA,
4175778,NA,
3473482,NA,
3465471,NA,
6234622,NA,
3507281,NA,
3465417,NA,
3459472,NA,
3468901,NA,
5952670,NA,
3468929,NA,
3507192,NA,
3439492,NA,
3439176,NA,
3460821,NA,
3439198,NA,
3461171,NA,
3469283,NA,
3445565,NA,
3507227,NA,
5157185,NA,
7401310,NA,
3473424,NA,
3507342,NA,
3473368,NA,
3461156,NA,
3507215,NA,
6076364,NA,
3468905,NA,
3468349,NA,
3469281,NA,
3465045,NA,
3461190,NA,
3445623,NA,
3445780,NA,
3473452,NA,
3445733,NA,
4894506,NA,
3462087,NA,
3462043,NA,
3459564,NA,
3445599,NA,
3445580,NA,
3462027,NA,
3471925,NA,
3439488,NA,
4127571,NA,
3465465,NA,
3473505,NA,
3471895,NA,
3471914,NA,
3439169,NA,
3460823,NA,
3472583,NA,
3507349,NA,
3471847,NA,
3439419,NA,
3507219,NA,
3439541,NA,
3473480,NA,
3439523,NA,
3439572,NA,
3459517,NA,
3468414,NA,
3507229,NA,
3473515,NA,
3460863,NA,
3465436,NA,
3472545,NA,
4175774,NA,
3507667,NA,
3473497,NA,
3465449,NA,
3507325,NA,
3471752,NA,
3472572,NA,
3439693,NA,
3507269,NA,
5952681,NA,
3439550,NA,
3461148,NA,
3473442,NA,
3507271,NA,
3469313,NA,
3473403,NA,
3440619,NA,
3468424,NA,
3471856,NA,
3473411,NA,
3461154,NA,
3465081,NA,
3465083,NA,
3472609,NA,
3473399,NA,
3507247,NA,
3445755,NA,
3468402,NA,
3461186,NA,
3438265,NA,
3471745,NA,
3469327,NA,
3473390,NA,
3445572,NA,
5952713,NA,
3445669,NA,
3465066,NA,
3462023,NA,
5952696,NA,
3667159,NA,
3462021,NA,
3462016,NA,
3462042,NA,
3445616,NA,
3439382,NA,
3459448,NA,
3471833,NA,
3465470,NA,
3457714,NA,
3473397,NA,
3507200,NA,
3459453,NA,
3459457,NA,
3507438,NA,
3462034,NA,
3445764,NA,
3439386,NA,
5442437,NA,
3459411,NA,
3471879,NA,
3461149,NA,
3468883,NA,
3468412,NA,
3507427,NA,
3457664,NA,
3445571,NA,
3471865,NA,
3468893,NA,
3472629,NA,
3459957,NA,
3507365,NA,
6076351,NA,
3471893,NA,
3459589,NA,
3472598,NA,
3471898,NA,
3465433,NA,
3439710,NA,
3439688,NA,
3471844,NA,
7401305,NA,
7309972,NA,
3507429,NA,
3439513,NA,
3465443,NA,
3440634,NA,
3439411,NA,
3469278,NA,
3461161,NA,
3507217,NA,
3507211,NA,
3469601,NA,
3445596,NA,
3507350,NA,
3507142,NA,
3507195,NA,
3460861,NA,
3440683,NA,
3440677,NA,
3469606,NA,
3439162,NA,
3507055,NA,
3440604,NA,
3473436,NA,
3471787,NA,
3445654,NA,
3440631,NA,
3445589,NA,
3469616,NA,
3667160,NA,
3468914,NA,
3459422,NA,
3459527,NA,
5442443,NA,
4567622,NA,
3473409,NA,
3473335,NA,
3459556,NA,
3507181,NA,
3462068,NA,
3462088,NA,
3459459,NA,
3462065,NA,
3469302,NA,
3459524,NA,
3461172,NA,
3471794,NA,
3460001,NA,
3459964,NA,
3473354,NA,
3439406,NA,
3507270,NA,
3471896,NA,
3471859,NA,
3507299,NA,
3507343,NA,
3440673,NA,
5952683,NA,
4175783,NA,
3459466,NA,
3465412,NA,
3459542,NA,
3457720,NA,
3507402,NA,
3507398,NA,
3439432,NA,
3461151,NA,
3459998,NA,
3465420,NA,
3473443,NA,
3473401,NA,
3465425,NA,
3473351,NA,
3468442,NA,
3471910,NA,
3471799,NA,
3471897,NA,
3471811,NA,
3507394,NA,
3469619,NA,
3445631,NA,
3507418,NA,
3439175,NA,
3469615,NA,
3465064,NA,
3469634,NA,
3473370,NA,
3471740,NA,
3507109,NA,
3468922,NA,
6142620,NA,
3473349,NA,
3440636,NA,
3439188,NA,
3507263,NA,
3473407,NA,
3469643,NA,
3445674,NA,
3471792,NA,
3445765,NA,
3468353,NA,
3459560,NA,
3468447,NA,
3507300,NA,
3506968,NA,
3471791,NA,
3462030,NA,
3445728,NA,
4894515,NA,
3445740,NA,
3473496,NA,
7063678,NA,
4050299,NA,
3507424,NA,
3459465,NA,
3439134,NA,
3459949,NA,
3472566,NA,
3468907,NA,
4050356,NA,
3459469,NA,
3440693,NA,
3439500,NA,
3465069,NA,
7063692,NA,
3439460,NA,
4050302,NA,
3468362,NA,
3471855,NA,
3465439,NA,
3445570,NA,
3473510,NA,
3472582,NA,
3439440,NA,
6076365,NA,
3459983,NA,
3468897,NA,
3438315,NA,
3473337,NA,
3507308,NA,
3439674,NA,
3468350,NA,
3469655,NA,
3457727,NA,
3473396,NA,
6076350,NA,
3471766,NA,
3460836,NA,
3469340,NA,
3473428,NA,
3468432,NA,
3469635,NA,
3440696,NA,
3507163,NA,
3465047,NA,
3465102,NA,
3507225,NA,
3468368,NA,
3468351,NA,
3445787,NA,
3445630,NA,
3469653,NA,
5827437,NA,
3507242,NA,
3445618,NA,
3473522,NA,
3462012,NA,
3459546,NA,
3439141,NA,
3462082,NA,
3459543,NA,
3667181,NA,
3667129,NA,
3445723,NA,
3462037,NA,
3473392,NA,
3462038,NA,
4050329,NA,
3461170,NA,
3507204,NA,
4175777,NA,
3439444,NA,
3507354,NA,
3439532,NA,
3468428,NA,
3471921,NA,
3459587,NA,
3473470,NA,
3439379,NA,
4175782,NA,
3439383,NA,
4050297,NA,
3507395,NA,
3507107,NA,
3468423,NA,
3471778,NA,
3507422,NA,
3439569,NA,
4175791,NA,
3468417,NA,
3459608,NA,
3471826,NA,
3465473,NA,
3472544,NA,
6076356,NA,
3459449,NA,
3469289,NA,
3507260,NA,
3439680,NA,
3439704,NA,
3473433,NA,
3445595,NA,
3507161,NA,
3440588,NA,
3469611,NA,
3439164,NA,
3461155,NA,
3507194,NA,
3440620,NA,
3507231,NA,
3473416,NA,
3468380,NA,
3507226,NA,
5952708,NA,
5952661,NA,
3507151,NA,
3445579,NA,
3439140,NA,
3465048,NA,
3440635,NA,
3439131,NA,
6076362,NA,
3438335,NA,
3471737,NA,
3473336,NA,
5952725,NA,
3471756,NA,
7401303,NA,
3469275,NA,
3445675,NA,
3439142,NA,
3469665,NA,
3667153,NA,
3445668,NA,
3462049,NA,
3462029,NA,
3445551,NA,
3457699,NA,
3462075,NA,
3445657,NA,
4130295,NA,
3445672,NA,
3507238,NA,
3471886,NA,
3507428,NA,
3507164,NA,
3507302,NA,
3471769,NA,
3506973,NA,
3459985,NA,
3461135,NA,
3459480,NA,
3471873,NA,
3473516,NA,
3507222,NA,
3439437,NA,
3460855,NA,
3507288,NA,
3439447,NA,
7406241,NA,
3461164,NA,
3507276,NA,
3459468,NA,
3460008,NA,
3460811,NA,
3471848,NA,
3507435,NA,
3440600,NA,
3468888,NA,
3459993,NA,
4127557,NA,
3439426,NA,
3439497,NA,
3472599,NA,
3462014,NA,
3507352,NA,
3473471,NA,
3439496,NA,
3471883,NA,
3468915,NA,
3507243,NA,
3465072,NA,
5952679,NA,
3468921,NA,
3473435,NA,
3473487,NA,
3507133,NA,
6737292,NA,
3507244,NA,
3439677,NA,
3507203,NA,
3469308,NA,
7401306,NA,
3471916,NA,
3440637,NA,
3440663,NA,
3468422,NA,
3465059,NA,
3473456,NA,
3468912,NA,
3471741,NA,
3440638,NA,
3440610,NA,
3439195,NA,
3457644,NA,
3461197,NA,
3445583,NA,
7537025,NA,
3473382,NA,
3462045,NA,
3473393,NA,
3439393,NA,
3468399,NA,
3445559,NA,
3459580,NA,
3473453,NA,
3445709,NA,
3667128,NA,
3439449,NA,
3445659,NA,
3460824,NA,
3459584,NA,
3465080,NA,
3459586,NA,
3460847,NA,
3468371,NA,
3439522,NA,
3473432,NA,
3439473,NA,
4127552,NA,
3468348,NA,
3469311,NA,
3457694,NA,
3473386,NA,
3471885,NA,
3438294,NA,
3439681,NA,
3459406,NA,
3473474,NA,
7309965,NA,
3507313,NA,
3468900,NA,
3465415,NA,
3462079,NA,
3507341,NA,
3473519,NA,
3439706,NA,
3473463,NA,
3468909,NA,
3471911,NA,
3439373,NA,
3439475,NA,
3459470,NA,
3472560,NA,
3465448,NA,
3465079,NA,
3459476,NA,
4127266,NA,
3473468,NA,
3507314,NA,
3507290,NA,
3439376,NA,
3439518,NA,
3507147,NA,
3507291,NA,
3439133,NA,
3439166,NA,
3473473,NA,
3469314,NA,
3465459,NA,
3507183,NA,
5952697,NA,
3507191,NA,
3439709,NA,
3473524,NA,
3507668,NA,
3471754,NA,
3473499,NA,
3469328,NA,
3469640,NA,
3468448,NA,
3473429,NA,
3469603,NA,
7401309,NA,
3465078,NA,
3469337,NA,
3445761,NA,
3473413,NA,
3507128,NA,
6076349,NA,
3465070,NA,
3468357,NA,
3445554,NA,
3468443,NA,
3461189,NA,
3507259,NA,
3445587,NA,
3507202,NA,
3445772,NA,
3469613,NA,
3445737,NA,
3469645,NA,
3445693,NA,
3445703,NA,
3462083,NA,
3471807,NA,
3459525,NA,
3473375,NA,
3459962,NA,
3457697,NA,
3473360,NA,
3445561,NA,
3445734,NA,
3667175,NA,
3439438,NA,
3460810,NA,
3507338,NA,
3667126,NA,
3465444,NA,
3457637,NA,
3445577,NA,
3507022,NA,
3445722,NA,
3459444,NA,
3445614,NA,
3471862,NA,
7629540,NA,
3667180,NA,
3460002,NA,
3507266,NA,
3507356,NA,
3439570,NA,
3471935,NA,
4050292,NA,
3507372,NA,
7309959,NA,
3472604,NA,
3507310,NA,
3468918,NA,
3471770,NA,
3457696,NA,
3507177,NA,
3468375,NA,
5952692,NA,
3465076,NA,
3445635,NA,
3469651,NA,
3439129,NA,
3468452,NA,
3507167,NA,
3468344,NA,
7309966,NA,
3471842,NA,
3461159,NA,
3469297,NA,
3465050,NA,
3440633,NA,
4175784,NA,
3438349,NA,
3468920,NA,
3507169,NA,
3473490,NA,
3507119,NA,
3473512,NA,
3469642,NA,
3667116,NA,
3459555,NA,
3459597,NA,
3459581,NA,
3468930,NA,
3462041,NA,
3685007,NA,
6076369,NA,
3459518,NA,
3472578,NA,
3445791,NA,
4175790,NA,
3507421,NA,
3439388,NA,
4050325,NA,
3439456,NA,
3507407,NA,
3507447,NA,
3439552,NA,
3462028,NA,
3471857,NA,
3507301,NA,
3468365,NA,
3439533,NA,
3439170,NA,
3472559,NA,
3439521,NA,
7309973,NA,
3468896,NA,
3445681,NA,
3507412,NA,
3471831,NA,
4050332,NA,
3457672,NA,
3507374,NA,
3507387,NA,
3471891,NA,
3471892,NA,
3507320,NA,
3507208,NA,
3507126,NA,
3439148,NA,
3457660,NA,
3468440,NA,
3465428,NA,
3445601,NA,
3507278,NA,
3468446,NA,
3471837,NA,
3469293,NA,
3507285,NA,
3459959,NA,
3439418,NA,
3469292,NA,
3507197,NA,
4050298,NA,
3473417,NA,
5952714,NA,
3445735,NA,
3468385,NA,
3469274,NA,
3471803,NA,
3440669,NA,
3473489,NA,
3469290,NA,
3438337,NA,
3445644,NA,
3445752,NA,
3445721,NA,
3667161,NA,
3457708,NA,
3469659,NA,
4050330,NA,
3457702,NA,
3440614,NA,
3507282,NA,
3445782,NA,
4891820,NA,
3440589,NA,
3445736,NA,
3460817,NA,
3507305,NA,
3460009,NA,
3507388,NA,
3507440,NA,
3507124,NA,
6222987,NA,
3468366,NA,
3471901,NA,
3460867,NA,
7629533,NA,
3439536,NA,
6076374,NA,
3439404,NA,
3459547,NA,
3507416,NA,
6076368,NA,
3459572,NA,
3472588,NA,
4050318,NA,
3473465,NA,
3439554,NA,
3462084,NA,
3471742,NA,
3472590,NA,
3465451,NA,
3667139,NA,
3507106,NA,
3472605,NA,
3439494,NA,
3439538,NA,
3439417,NA,
3438290,NA,
3459944,NA,
3459432,NA,
3440700,NA,
4127564,NA,
3439435,NA,
3439712,NA,
3507436,NA,
3465065,NA,
4050305,NA,
3469641,NA,
5952659,NA,
5952720,NA,
3438348,NA,
3468405,NA,
4050346,NA,
3439126,NA,
3459485,NA,
3440607,NA,
3465426,NA,
3439190,NA,
3465092,NA,
3507405,NA,
3439548,NA,
7063686,NA,
3468378,NA,
3469610,NA,
3440601,NA,
3471783,NA,
3471785,NA,
7401304,NA,
3471801,NA,
3468935,NA,
5952715,NA,
3506991,NA,
3445593,NA,
3445748,NA,
3459559,NA,
3439469,NA,
3439450,NA,
5952689,NA,
3507173,NA,
3440587,NA,
3459535,NA,
3460826,NA,
3684895,NA,
3507403,NA,
3507347,NA,
3460866,NA,
3507237,NA,
3439690,NA,
3439673,NA,
3507379,NA,
3507360,NA,
3507332,NA,
3468433,NA,
3473343,NA,
3507311,NA,
3507386,NA,
3471757,NA,
3507353,NA,
3507324,NA,
3468346,NA,
3439560,NA,
3507408,NA,
3459951,NA,
3439687,NA,
3439446,NA,
3439414,NA,
3507340,NA,
3469291,NA,
3461198,NA,
5953479,NA,
3460865,NA,
3507316,NA,
3439510,NA,
3440664,NA,
3460835,NA,
3468376,NA,
3507158,NA,
3439157,NA,
3507248,NA,
3667143,NA,
3469628,NA,
3445744,NA,
3468386,NA,
3469277,NA,
3440609,NA,
3461137,NA,
3471786,NA,
3469307,NA,
3440602,NA,
3471861,NA,
3459405,NA,
5921875,NA,
3459966,NA,
5952667,NA,
3465061,NA,
3473459,NA,
3465068,NA,
3440681,NA,
3468347,NA,
3445789,NA,
3461168,NA,
3468938,NA,
7401316,NA,
3445751,NA,
3439186,NA,
3667133,NA,
3457638,NA,
3473334,NA,
3667188,NA,
3462062,NA,
3471758,NA,
3459521,NA,
3469608,NA,
3462091,NA,
3685008,NA,
3507135,NA,
3473363,NA,
3471938,NA,
3507045,NA,
7403958,NA,
3471772,NA,
3439504,NA,
3439489,NA,
3460815,NA,
3473398,NA,
3439501,NA,
3471800,NA,
4127567,NA,
3439502,NA,
3469301,NA,
3439424,NA,
3439493,NA,
5604355,NA,
3468904,NA,
4127572,NA,
3439458,NA,
3507323,NA,
3471882,NA,
4050303,NA,
3445658,NA,
3439443,NA,
3468342,NA,
3507188,NA,
3439666,NA,
3507256,NA,
3507346,NA,
3469330,NA,
3468435,NA,
3469326,NA,
3445725,NA,
3439433,NA,
5952684,NA,
3468398,NA,
3473342,NA,
4050324,NA,
3440691,NA,
3507250,NA,
3473504,NA,
3507241,NA,
3507392,NA,
3473466,NA,
3468354,NA,
3461194,NA,
4894507,NA,
3507235,NA,
3507139,NA,
3468363,NA,
3462086,NA,
3445742,NA,
3445640,NA,
5952718,NA,
3445730,NA,
3462033,NA,
3445622,NA,
3445781,NA,
3462063,NA,
3445679,NA,
3457719,NA,
3445724,NA,
3462040,NA,
3459434,NA,
3507307,NA,
3507294,NA,
3459606,NA,
3459996,NA,
3471806,NA,
3460814,NA,
5827433,NA,
3472603,NA,
3439138,NA,
3445710,NA,
3507162,NA,
3457721,NA,
3471775,NA,
4765516,NA,
3460828,NA,
3506967,NA,
3472619,NA,
3472579,NA,
3469604,NA,
3439416,NA,
3439702,NA,
3459491,NA,
3507317,NA,
3667173,NA,
3471920,NA,
3471839,NA,
3507378,NA,
3439711,NA,
3440709,NA,
3507137,NA,
3439172,NA,
4050326,NA,
3468910,NA,
3468383,NA,
5952691,NA,
3439121,NA,
3457683,NA,
3468421,NA,
3440628,NA,
7401318,NA,
3472571,NA,
3439149,NA,
6076367,NA,
3468364,NA,
3457662,NA,
3667119,NA,
3445731,NA,
3445608,NA,
3667148,NA,
3507315,NA,
3439454,NA,
3507419,NA,
3459989,NA,
3439528,NA,
3459565,NA,
3461173,NA,
3460846,NA,
3462076,NA,
3462020,NA,
4050309,NA,
3459976,NA,
3472548,NA,
3468887,NA,
3445557,NA,
7063697,NA,
3439539,NA,
3473464,NA,
3507335,NA,
3507029,NA,
3457658,NA,
3471931,NA,
3438285,NA,
3507397,NA,
5436827,NA,
6076354,NA,
3460003,NA,
3460862,NA,
6995227,NA,
3439671,NA,
3472594,NA,
3507321,NA,
5952668,NA,
3440623,NA,
3472591,NA,
3468439,NA,
3473412,NA,
3507178,NA,
3465437,NA,
3440714,NA,
3439563,NA,
5952665,NA,
5442444,NA,
3468941,NA,
3507228,NA,
3459450,NA,
3445662,NA,
3473440,NA,
3473356,NA,
3469305,NA,
3469638,NA,
3507148,NA,
5952675,NA,
3471817,NA,
3468449,NA,
3440711,NA,
5952704,NA,
3469631,NA,
3460818,NA,
3457704,NA,
3445687,NA,
3507221,NA,
3471828,NA,
3469614,NA,
5827432,NA,
3459413,NA,
3471777,NA,
3507409,NA,
3439442,NA,
3469312,NA,
3684894,NA,
3445689,NA,
3461181,NA,
3445646,NA,
3459419,NA,
3667146,NA,
3459410,NA,
3459945,NA,
4175794,NA,
3459997,NA,
3684893,NA,
3459948,NA,
3472607,NA,
3465430,NA,
3507382,NA,
3460857,NA,
3459409,NA,
3507385,NA,
3457713,NA,
3459445,NA,
4050296,NA,
3439471,NA,
3507166,NA,
3471877,NA,
3440603,NA,
4127573,NA,
3440646,NA,
3471860,NA,
3459984,NA,
3440682,NA,
5952685,NA,
3469324,NA,
3460830,NA,
3469598,NA,
3468884,NA,
3440598,NA,
3440654,NA,
3472611,NA,
3465067,NA,
3469331,NA,
3469646,NA,
3440706,NA,
3468927,NA,
3465088,NA,
3469341,NA,
7309971,NA,
3473389,NA,
3439199,NA,
5952664,NA,
3468367,NA,
3473340,NA,
3440648,NA,
3471805,NA,
3445619,NA,
3445795,NA,
3438333,NA,
3438288,NA,
3469649,NA,
3667130,NA,
3462018,NA,
3460007,NA,
3459570,NA,
3465466,NA,
3459583,NA,
3445574,NA,
4613772,NA,
3462064,NA,
4050348,NA,
6330492,NA,
3457703,NA,
3472615,NA,
3459458,NA,
3439491,NA,
3507357,NA,
5234631,NA,
3473513,NA,
3439705,NA,
3507327,NA,
3473450,NA,
7309967,NA,
3460848,NA,
3507129,NA,
4127569,NA,
3473494,NA,
3465445,NA,
3471915,NA,
3465416,NA,
3460841,NA,
3465441,NA,
3465460,NA,
3507449,NA,
3440615,NA,
3472567,NA,
4130296,NA,
3439472,NA,
3439506,NA,
3471919,NA,
3507136,NA,
3461182,NA,
4050293,NA,
5952722,NA,
3468381,NA,
3439147,NA,
3471774,NA,
3440644,NA,
3460837,NA,
5827438,NA,
3507333,NA,
5953454,NA,
3468408,NA,
3439158,NA,
3473350,NA,
3473507,NA,
3469630,NA,
3507125,NA,
3465062,NA,
3439128,NA,
6076371,NA,
5953467,NA,
3445777,NA,
3445638,NA,
3445584,NA,
3667163,NA,
3445677,NA,
3471747,NA,
3459598,NA,
3507154,NA,
3471767,NA,
3440641,NA,
7401307,NA,
3439156,NA,
3667166,NA,
3457705,NA,
3462060,NA,
3471863,NA,
3473353,NA,
3471866,NA,
4175789,NA,
3439515,NA,
3473511,NA,
3473454,NA,
3471845,NA,
6737444,NA,
3507019,NA,
3439556,NA,
3472595,NA,
3459541,NA,
3507156,NA,
6076361,NA,
3459987,NA,
4050340,NA,
3459980,NA,
3468411,NA,
3507289,NA,
3459467,NA,
3471780,NA,
3471868,NA,
3471888,NA,
3468409,NA,
3440618,NA,
3469338,NA,
3473502,NA,
3461177,NA,
3469617,NA,
3507334,NA,
3459490,NA,
3439503,NA,
3439168,NA,
3445666,NA,
3445773,NA,
5952709,NA,
3462057,NA,
3667131,NA,
3445621,NA,
3667123,NA,
3667158,NA,
3440624,NA,
3445598,NA,
5403072,NA,
3468917,NA,
3459529,NA,
3473400,NA,
3468418,NA,
3445763,NA,
3468394,NA,
4127558,NA,
3507155,NA,
5408085,NA,
3439377,NA,
5003554,NA,
5952699,NA,
3471924,NA,
3471802,NA,
3459971,NA,
3439678,NA,
3459967,NA,
3471923,NA,
3507425,NA,
3459557,NA,
3507441,NA,
3439507,NA,
3472622,NA,
3473525,NA,
3465419,NA,
3457680,NA,
3440649,NA,
3439380,NA,
3439398,NA,
3439163,NA,
3468387,NA,
3439402,NA,
3468450,NA,
3459950,NA,
3445610,NA,
3445637,NA,
3507249,NA,
3439185,NA,
3468352,NA,
3469339,NA,
3440647,NA,
5952735,NA,
3445694,NA,
3472555,NA,
3440684,NA,
3507404,NA,
3461147,NA,
3445661,NA,
3459528,NA,
3473366,NA,
3445790,NA,
3445794,NA,
4894517,NA,
3440662,NA,
3445691,NA,
3459567,NA,
3459569,NA,
3507430,NA,
3507389,NA,
3439384,NA,
3685005,NA,
3459421,NA,
3468406,NA,
3459478,NA,
3440611,NA,
3469618,NA,
3461183,NA,
3507348,NA,
7309969,NA,
3457666,NA,
3459471,NA,
4050310,NA,
3459443,NA,
3459416,NA,
3468361,NA,
3469317,NA,
4130298,NA,
4642815,NA,
3439428,NA,
3439544,NA,
3507309,NA,
3507399,NA,
3465423,NA,
3457654,NA,
3465446,NA,
4130299,NA,
3438301,NA,
3439154,NA,
3440608,NA,
3461138,NA,
5253745,NA,
3471810,NA,
3473371,NA,
3471874,NA,
3507138,NA,
3507189,NA,
3440590,NA,
3468890,NA,
5952723,NA,
3507220,NA,
3469310,NA,
3507666,NA,
3507143,NA,
6076360,NA,
3445634,NA,
3468359,NA,
3461140,NA,
3473475,NA,
3445759,NA,
3445636,NA,
3445798,NA,
5952706,NA,
3445603,NA,
3685000,NA,
3685003,NA,
3445768,NA,
5442441,NA,
3439181,NA,
3465075,NA,
3667127,NA,
3471768,NA,
3462046,NA,
3462059,NA,
3468384,NA,
3445774,NA,
3471869,NA,
3459554,NA,
3457643,NA,
3459946,NA,
3459442,NA,
3445549,NA,
3459979,NA,
3460812,NA,
3440692,NA,
3468933,NA,
3460010,NA,
3445718,NA,
3457690,NA,
3459481,NA,
3465422,NA,
3457688,NA,
3471838,NA,
3459963,NA,
3459475,NA,
3462066,NA,
3471822,NA,
3472580,NA,
3472618,NA,
3465054,NA,
3439557,NA,
3439664,NA,
3468892,NA,
3473451,NA,
3473385,NA,
3472610,NA,
7063682,NA,
3460011,NA,
3469299,NA,
3457710,NA,
7401311,NA,
3473458,NA,
3461146,NA,
3469647,NA,
3469607,NA,
3468928,NA,
5953465,NA,
4602477,NA,
3439146,NA,
3507168,NA,
3445760,NA,
3445732,NA,
3507293,NA,
3685006,NA,
3460000,NA,
4050347,NA,
3439191,NA,
3468407,NA,
3507295,NA,
3507267,NA,
3459995,NA,
3459474,NA,
3438278,NA,
3472551,NA,
3440712,NA,
3507380,NA,
3507344,NA,
3472632,NA,
3471748,NA,
3457639,NA,
3462015,NA,
3507273,NA,
3465463,NA,
7406242,NA,
3459953,NA,
3472586,NA,
3507210,NA,
6076370,NA,
5953484,NA,
3461160,NA,
3473476,NA,
3471926,NA,
3471933,NA,
3439161,NA,
4050316,NA,
3439197,NA,
3468451,NA,
3465093,NA,
3471836,NA,
3461167,NA,
7401315,NA,
3465087,NA,
7063687,NA,
3468403,NA,
3461179,NA,
3469639,NA,
5952688,NA,
3439125,NA,
3473344,NA,
3440668,NA,
3462070,NA,
3438270,NA,
3445615,NA,
3667137,NA,
3459574,NA,
3507268,NA,
3445566,NA,
3445793,NA,
3462058,NA,
3507384,NA,
3440698,NA,
3445726,NA,
3457665,NA,
3457686,NA,
3457695,NA,
4050345,NA,
4050306,NA,
5953480,NA,
3507224,NA,
3439425,NA,
5921899,NA,
3457648,NA,
5836796,NA,
3473503,NA,
4127556,NA,
3445664,NA,
3472585,NA,
3440642,NA,
3439683,NA,
3471867,NA,
3471734,NA,
3459991,NA,
3439165,NA,
4050308,NA,
3468388,NA,
3471939,NA,
3439120,NA,
3465094,NA,
3468885,NA,
3468882,NA,
3465434,NA,
3471875,NA,
3440675,NA,
3473364,NA,
3469648,NA,
3507371,NA,
3507209,NA,
6076372,NA,
3439477,NA,
3507390,NA,
3459943,NA,
3445784,NA,
3445762,NA,
3473357,NA,
3459538,NA,
3445775,NA,
3471790,NA,
3469612,NA,
3667156,NA,
3457642,NA,
3465464,NA,
3472553,NA,
3439498,NA,
7309968,NA,
3471876,NA,
3507218,NA,
3439701,NA,
3445701,NA,
3438274,NA,
3459977,NA,
3472606,NA,
3439545,NA,
3438357,NA,
3439394,NA,
3459947,NA,
3459415,NA,
3445578,NA,
3472616,NA,
3460825,NA,
3471929,NA,
3439516,NA,
3445653,NA,
3473341,NA,
3469627,NA,
3507411,NA,
5952719,NA,
3469632,NA,
3469282,NA,
3473418,NA,
3473431,NA,
3473484,NA,
5952682,NA,
3507406,NA,
3459952,NA,
3468401,NA,
3468881,NA,
3445600,NA,
5952701,NA,
3507159,NA,
5952674,NA,
3465100,NA,
3459548,NA,
3684998,NA,
3667172,NA,
3471808,NA,
3667157,NA,
6635154,NA,
3459532,NA,
3667151,NA,
3445590,NA,
3460829,NA,
3459519,NA,
3459563,NA,
3507179,NA,
3459530,NA,
3507367,NA,
3439553,NA,
3445592,NA,
3439378,NA,
3460864,NA,
3445562,NA,
4127563,NA,
3507262,NA,
3457661,NA,
3471913,NA,
4050295,NA,
6076353,NA,
3459447,NA,
3471832,NA,
4652674,NA,
3440705,NA,
3471765,NA,
3473461,NA,
3473405,NA,
3440694,NA,
3473387,NA,
3439399,NA,
3468437,NA,
3438341,NA,
3445717,NA,
3445712,NA,
3468939,NA,
3468913,NA,
3459601,NA,
3462039,NA,
3473469,NA,
4127560,NA,
3445743,NA,
6995216,NA,
3471937,NA,
3445750,NA,
3507370,NA,
3462032,NA,
3439686,NA,
3465058,NA,
3471934,NA,
3468391,NA,
3461195,NA,
3445655,NA,
3440606,NA,
3457689,NA,
3459418,NA,
3439555,NA,
3460827,NA,
3667117,NA,
4050334,NA,
3472633,NA,
4642816,NA,
3457675,NA,
3465414,NA,
3440679,NA,
3473455,NA,
3507187,NA,
3440645,NA,
3507236,NA,
3469621,NA,
3469276,NA,
3473478,NA,
3469623,NA,
3445633,NA,
3473379,NA,
3471762,NA,
3473521,NA,
3440672,NA,
3667150,NA,
3471760,NA,
3459590,NA,
4577309,NA,
3667189,NA,
3667145,NA,
3457682,NA,
3439439,NA,
3439684,NA,
3472627,NA,
3468445,NA,
3507279,NA,
3439372,NA,
3445714,NA,
3461185,NA,
3471900,NA,
3507432,NA,
3439389,NA,
4127565,NA,
4050317,NA,
3468379,NA,
3468444,NA,
3471927,NA,
3439385,NA,
3507443,NA,
4050301,NA,
3472546,NA,
4050327,NA,
3472542,NA,
6737443,NA,
4050315,NA,
3507375,NA,
3469320,NA,
3507152,NA,
3461163,NA,
3439696,NA,
3473378,NA,
3440595,NA,
3439179,NA,
3469286,NA,
3507264,NA,
3469287,NA,
3473477,NA,
3472596,NA,
3445588,NA,
3473441,NA,
3473415,NA,
3507363,NA,
3468382,NA,
3507252,NA,
3465103,NA,
3445747,NA,
3438272,NA,
3445685,NA,
3459526,NA,
3460831,NA,
3445745,NA,
3457645,NA,
3472614,NA,
3459969,NA,
3507254,NA,
3439537,NA,
3461153,NA,
3459436,NA,
3472557,NA,
3439524,NA,
3507286,NA,
4050351,NA,
3507322,NA,
3439374,NA,
3459492,NA,
3440667,NA,
5953489,NA,
3461143,NA,
3507275,NA,
3471902,NA,
3465090,NA,
3440707,NA,
3507336,NA,
3445708,NA,
3445716,NA,
3667154,NA,
5952746,NA,
5953469,NA,
3445667,NA,
3685004,NA,
3445779,NA,
3459958,NA,
3459438,NA,
3473447,NA,
3459575,NA,
3459988,NA,
3471884,NA,
3471771,NA,
3459494,NA,
3471936,NA,
3469657,NA,
3457681,NA,
3439445,NA,
3472570,NA,
5952745,NA,
5952729,NA,
3468343,NA,
5952672,NA,
3457723,NA,
3445688,NA,
5952678,NA,
3459978,NA,
3507149,NA,
3469273,NA,
3440594,NA,
3460006,NA,
3469626,NA,
3469652,NA,
3445626,NA,
3445553,NA,
4050307,NA,
4127551,NA,
6210524,NA,
3472558,NA,
5953483,NA,
3439375,NA,
3507377,NA,
4050320,NA,
3507023,NA,
3459974,NA,
3439505,NA,
3439526,NA,
5921898,NA,
3472621,NA,
3471918,NA,
3471773,NA,
3507410,NA,
3457670,NA,
3440616,NA,
3507160,NA,
3439137,NA,
3473479,NA,
3445647,NA,
3507232,NA,
7063684,NA,
3440597,NA,
3472624,NA,
3439139,NA,
4050337,NA,
3469304,NA,
3445711,NA,
3507193,NA,
3439668,NA,
4175780,NA,
3445624,NA,
3507038,NA,
3440659,NA,
3445652,NA,
6076357,NA,
3445738,NA,
3445641,NA,
3445586,NA,
3445727,NA,
3439672,NA,
3445660,NA,
3459999,NA,
3507383,NA,
3457726,NA,
4175775,NA,
3459973,NA,
3439703,NA,
3459431,NA,
3460833,NA,
3457722,NA,
3459414,NA,
3507303,NA,
3472561,NA,
3445797,NA,
5952693,NA,
3439685,NA,
3457655,NA,
3465424,NA,
3507330,NA,
3439422,NA,
3507144,NA,
3507123,NA,
3468931,NA,
3473414,NA,
5952744,NA,
3473423,NA,
3439184,NA,
3473446,NA,
7401312,NA,
3440674,NA,
3440670,NA,
3469309,NA,
3468934,NA,
3445792,NA,
3468396,NA,
3459579,NA,
3468902,NA,
3459599,NA,
3459550,NA,
3507186,NA,
3472620,NA,
3445568,NA,
3439559,NA,
4050331,NA,
3468924,NA,
3471930,NA,
3667152,NA,
3472635,NA,
3438328,NA,
3459477,NA,
3472584,NA,
3439123,NA,
3507414,NA,
3468434,NA,
3472562,NA,
3440596,NA,
5952750,NA,
3457674,NA,
3667168,NA,
5952671,NA,
3469316,NA,
3507417,NA,
3471816,NA,
3469602,NA,
3439201,NA,
3471890,NA,
3439127,NA,
3468356,NA,
3469336,NA,
5952737,NA,
3439122,NA,
3445575,NA,
5827434,NA,
3667171,NA,
4642821,NA,
3468372,NA,
3472634,NA,
3471887,NA,
3439466,NA,
4050339,NA,
3472623,NA,
3440676,NA,
7309960,NA,
3457687,NA,
3439396,NA,
3439695,NA,
3507174,NA,
5067576,NA,
7211631,NA,
3468891,NA,
3507233,NA,
3507146,NA,
5917467,NA,
3445778,NA,
5952717,NA,
3439192,NA,
6076363,NA,
3468426,NA,
3471744,NA,
3507206,NA,
5952677,NA,
3440702,NA,
3445729,NA,
3459588,NA,
3667138,NA,
3457650,NA,
3667136,NA,
3457691,NA,
3459537,NA,
3507415,NA,
3667162,NA,
5921896,NA,
3457724,NA,
3439495,NA,
5253746,NA,
3462071,NA,
3472549,NA,
3461192,NA,
3468940,NA,
3445739,NA,
3439455,NA,
3507184,NA,
5952731,NA,
3445757,NA,
5952660,NA,
3445643,NA,
3469654,NA,
4050319,NA,
3472554,NA,
3472636,NA,
3440686,NA,
3439401,NA,
3667122,NA,
5953478,NA,
3440690,NA,
3440626,NA,
5952734,NA,
3459428,NA,
4050323,NA,
3507246,NA,
3507140,NA,
3459454,NA,
5253744,NA,
5952733,NA,
3440657,NA,
4050313,NA,
3468431,NA,
3440639,NA,
3440653,NA,
3440627,NA,
5952694,NA,
3507122,NA,
3468926,NA,
3445602,NA,
3667115,NA,
3445612,NA,
3667142,NA,
3445753,NA,
3459452,NA,
3471912,NA,
3472626,NA,
3439464,NA,
3472577,NA,
3440685,NA,
3684999,NA,
3507413,NA,
3439465,NA,
5952707,NA,
3445758,NA,
3457657,NA,
3445648,NA,
3445692,NA,
3465447,NA,
3445597,NA,
3460845,NA,
4050342,NA,
3445625,NA,
3468898,NA,
3438242,NA,
3667125,NA,
3471731,NA,
3457647,NA,
3445756,NA,
3465055,NA,
3457718,NA,
4050304,NA,
3469658,NA,
3439189,NA,
5952732,NA,
3440689,NA,
3457677,NA,
3473358,NA,
3461184,NA,
3469329,NA,
3440650,NA,
3469296,NA,
3507445,NA,
3507145,NA,
5952730,NA,
3457709,NA,
3440586,NA,
5952712,NA,
6076366,NA,
5952680,NA,
3507093,NA,
3445713,NA,
6160402,NA,
3439675,NA,
3439663,NA,
3439543,NA,
3459423,NA,
3471894,NA,
3445767,NA,
3471814,NA,
3459954,NA,
3460852,NA,
4127568,NA,
3507141,NA,
3439676,NA,
3472592,NA,
3507150,NA,
3507214,NA,
3507207,NA,
3473384,NA,
3471784,NA,
3440710,NA,
3468410,NA,
3473449,NA,
3462077,NA,
3440622,NA,
4895437,NA,
3445771,NA,
3457653,NA,
3471827,NA,
3439535,NA,
3507444,NA,
3457725,NA,
3507373,NA,
3471851,NA,
3457659,NA,
5604353,NA,
3471872,NA,
3457701,NA,
3439670,NA,
5952736,NA,
3471899,NA,
3457685,NA,
3507213,NA,
3506985,NA,
3667120,NA,
3445645,NA,
4779915,NA,
3440708,NA,
4050353,NA,
3459968,NA,
3473404,NA,
3468413,NA,
5827439,NA,
3438351,NA,
3667170,NA,
3445607,NA,
3439689,NA,
3507364,NA,
3460832,NA,
5325915,NA,
3439173,NA,
3439155,NA,
3445720,NA,
3461166,NA,
3507157,NA,
4765514,NA,
5953488,NA,
3445564,NA,
3459484,NA,
4130297,NA,
4050344,NA,
3457673,NA,
3445676,NA,
3469300,NA,
3438286,NA,
3667155,NA,
3438306,NA,
4127566,NA,
5921897,NA,
3440699,NA,
3457636,NA,
3439700,NA,
3438353,NA,
3459433,NA,
3469609,NA,
4050312,NA,
3460853,NA,
4050328,NA,
3507245,NA,
3472593,NA,
3469315,NA,
3461178,NA,
3667183,NA,
3461141,NA,
3473383,NA,
3469625,NA,
3461142,NA,
3445611,NA,
3445628,NA,
3445786,NA,
3468932,NA,
4642822,NA,
3439408,NA,
6076375,NA,
3459407,NA,
3457671,NA,
3459464,NA,
3460819,NA,
3440701,NA,
3440599,NA,
3471880,NA,
3471849,NA,
3445776,NA,
3440651,NA,
3445567,NA,
3473333,NA,
3473331,NA,
3473355,NA,
4050291,NA,
3445550,NA,
3439527,NA,
3459483,NA,
3465454,NA,
3439381,NA,
3459437,NA,
3440671,NA,
3459482,NA,
5952695,NA,
3440660,NA,
3445706,NA,
3445569,NA,
3471813,NA,
3439174,NA,
3469597,NA,
3473380,NA,
3667141,NA,
3445604,NA,
4127562,NA,
3667187,NA,
3439391,NA,
3439397,NA,
4127559,NA,
4127554,NA,
3439143,NA,
3461196,NA,
5952724,NA,
3439200,NA,
3440605,NA,
3469306,NA,
3472630,NA,
3461169,NA,
3457716,NA,
5791870,NA,
3445754,NA,
3445785,NA,
3667135,NA,
4127268,NA,
3457678,NA,
4127500,NA,
3667167,NA,
3439462,NA,
3459473,NA,
3457731,NA,
3507296,NA,
3468942,NA,
3439682,NA,
4127555,NA,
3468894,NA,
3468392,NA,
3667132,NA,
3440695,NA,
3457651,NA,
3439467,NA,
3440703,NA,
3473406,NA,
3472565,NA,
3439136,NA,
5953449,NA,
4050338,NA,
3439182,NA,
3469605,NA,
3468441,NA,
3465084,NA,
3445788,NA,
3439529,NA,
3459493,NA,
4127263,NA,
3457715,NA,
3457667,NA,
3469664,NA,
3472628,NA,
3685002,NA,
3439520,NA,
3439413,NA,
5952751,NA,
3445663,NA,
6402679,NA,
3439150,NA,
6047901,NA,
3439180,NA,
3445705,NA,
3457668,NA,
3453382,NA,
3457712,NA,
3685001,NA,
3439519,NA,
3461165,NA,
3457700,NA,
3440688,NA,
3469620,NA,
3507185,NA,
3462050,NA,
3684997,NA,
4050343,NA,
3445749,NA,
3469650,NA,
3440713,NA,
3468436,NA,
3439691,NA,
5952702,NA,
3440658,NA,
3507153,NA,
3473408,NA,
3473373,NA,
3440625,NA,
4127553,NA,
3459408,NA,
3459965,NA,
3667134,NA,
3461162,NA,
3469633,NA,
3469660,NA,
4050321,NA,
3439708,NA,
3472617,NA,
4050358,NA,
3445704,NA,
3667174,NA,
3472625,NA,
4050300,NA,
3445609,NA,
3445563,NA,
3457730,NA,
3507280,NA,
3459463,NA,
3460844,NA,
3440630,NA,
3507032,NA,
3439667,NA,
3439183,NA,
4050333,NA,
4050335,NA,
3472568,NA,
3445700,NA,
3457652,NA,
3445707,NA,
3473448,NA,
3469636,NA,
3471835,NA,
3457669,NA,
3445581,NA,
3459451,NA,
3667169,NA,
3469334,NA,
3459435,NA,
3440697,NA,
3471782,NA,
3667118,NA,
3507039,NA,
3445680,NA,
3439525,NA,
3461145,NA,
3469298,NA,
3439461,NA,
3439499,NA,
3472581,NA,
3439694,NA,
5952726,NA,
3472612,NA,
3473394,NA,
3439412,NA,
4637560,NA,
3667149,NA,
3457656,NA,
3465060,NA,
3471732,NA,
3667144,NA,
3457706,NA,
4127561,NA,
3457692,NA,
5953481,NA,
3469333,NA,
3667124,NA,
3461193,NA,
5953486,NA,
3667164,NA,
4050314,NA,
3439698,NA,
3667186,NA,
3445649,NA,
3438364,NA,
3459495,NA,
3457684,NA,
5953487,NA,
3457693,NA,
3445715,NA,
3440666,NA,
3439405,NA,
3457649,NA,
3439167,NA,
4636887,NA,
3457707,NA,
