PCID,TCGID,
7418631,undefined,
7418593,undefined,
7418757,undefined,
7418530,undefined,
7418486,undefined,
7418538,undefined,
7418707,undefined,
7418609,undefined,
7418772,undefined,
7418547,undefined,
7418716,undefined,
7418636,undefined,
7418540,undefined,
7418709,undefined,
7307263,undefined,
6969247,undefined,
925225,undefined,
925317,undefined,
925266,undefined,
925352,undefined,
925245,undefined,
925331,undefined,
925267,undefined,
925353,undefined,
6737055,undefined,
2245031,undefined,
2245032,undefined,
925226,undefined,
925316,undefined,
925268,undefined,
925354,undefined,
925246,undefined,
925333,undefined,
925879,undefined,
925301,undefined,
925303,undefined,
925227,undefined,
925882,undefined,
925269,undefined,
925355,undefined,
925867,undefined,
925356,undefined,
925875,undefined,
925381,undefined,
925296,undefined,
925393,undefined,
925228,undefined,
925318,undefined,
925229,undefined,
925883,undefined,
925270,undefined,
925880,undefined,
925357,undefined,
925247,undefined,
925248,undefined,
925334,undefined,
925335,undefined,
925214,undefined,
925230,undefined,
925297,undefined,
925881,undefined,
925319,undefined,
925868,undefined,
925271,undefined,
925304,undefined,
925358,undefined,
925359,undefined,
925249,undefined,
925250,undefined,
925338,undefined,
925336,undefined,
925215,undefined,
7517767,undefined,
925306,undefined,
925876,undefined,
925382,undefined,
925287,undefined,
4933844,undefined,
4933886,undefined,
4934157,undefined,
4934060,undefined,
4933854,undefined,
4934172,undefined,
4934211,undefined,
4933882,undefined,
5809595,undefined,
4934006,undefined,
4934050,undefined,
5923912,undefined,
5880915,undefined,
5809734,undefined,
4933934,undefined,
5809666,undefined,
6021777,undefined,
4707536,NA,
6011478,NA,
5672380,NA,
7108798,NA,
7418478,557330,
7418661,567228,
7418679,567247,
4934061,487869,
4707535,NA,
7108682,560335,
5809431,516215,
5809681,516667,
6245981,NA,
4293851,451776,
4277127,451629,
5809407,515978,
6160425,NA,
5101312,NA,
7418508,567249,
5810896,NA,
4933896,488010,
1341708,NA,
7108685,560338,
7418541,567282,
4277215,451748,
4277219,451752,
920924,87697,
7108760,560314,
7418510,567251,
4933845,487923,
4933833,487906,
4293840,451765,
7108742,560396,
7418695,567265,
4934118,487960,
5165643,NA,
4934170,488038,
961120,146713,
7108665,560318,
7418759,567337,
7108736,560390,
1341497,232409,
7566539,NA,
5809490,516679,
921072,85479,
961103,146686,
960250,121190,
7640442,NA,
2252739,NA,
1341608,232423,
4934198,488083,
5809599,502560,
7108694,560347,
4277128,451630,
7108688,560341,
5135874,285042,
4277158,451674,
5809639,516231,
7418675,567243,
7108724,560378,
960232,121131,
5862189,520725,
4277195,451728,
7108658,560311,
4277241,451774,
7108708,560362,
1341676,232358,
7418560,567301,
920933,90645,
7108710,560364,
7418577,567318,
1341491,232394,
4933880,487980,
4933860,487948,
6329261,NA,
5809391,502560,
1341477,232348,
4934180,488056,
7108677,560330,
4277287,451814,
7108674,560327,
5809393,502562,
4277087,453523,
920945,87464,
7418564,567305,
5809406,515957,
5809478,516666,
7108748,560402,
7322836,NA,
7418505,567246,
921001,89461,
920916,85156,
4934158,485867,
4934100,487926,
4933890,488004,
920912,83453,
1341537,232545,
4277213,451746,
7108657,553000,
7108720,560374,
4277172,451707,
5809410,516000,
921132,89200,
4933914,488028,
4277247,451779,
7418488,567229,
5791818,NA,
7418481,NA,
5809710,516692,
5809719,516701,
4277224,451757,
7108719,560373,
2864133,146654,
4360386,NA,
6160428,NA,
4933962,488094,
4933781,487832,
7108659,560312,
1341505,232438,
4293871,451800,
4277164,451684,
921115,87201,
4293838,451763,
7108675,560328,
6675553,NA,
961128,146722,
7108786,560342,
7108745,560399,
7108683,560336,
4277198,451731,
921123,88561,
7418670,567237,
920922,87488,
960210,121005,
4277251,451783,
961092,146676,
5809716,516698,
6160420,NA,
1341500,232419,
4293821,451743,
7108787,560343,
1341508,232455,
920979,85957,
7108811,NA,
4933935,488057,
5809640,516232,
4780180,NA,
5809731,516721,
7418476,557354,
4277254,451787,
2252718,NA,
7418528,567269,
7418738,567313,
4934156,488024,
5809703,516684,
921108,85115,
4293817,451739,
7108757,560311,
4293754,451620,
961073,146656,
1341536,232536,
920963,90302,
1341546,232533,
7108664,560317,
7418666,567233,
921066,90665,
921061,90233,
7462640,NA,
4933930,488050,
6303357,NA,
920926,88168,
5809467,516655,
961100,146684,
4293890,451704,
4933841,486612,
7108670,560323,
5809488,516676,
4934112,487949,
921065,90645,
921143,88177,
1341583,232387,
7108689,560342,
4934214,488102,
921138,90308,
7418785,567404,
7442384,NA,
7464318,NA,
4934201,488087,
4933901,487055,
4293844,451770,
4934033,487828,
4277146,451658,
4293761,451630,
5809397,502566,
1341661,232502,
5809689,516675,
5809510,516692,
4277330,452007,
5809656,516565,
6160427,NA,
7418549,567290,
7418576,567317,
1341634,232465,
960113,121021,
7418754,567330,
5809458,516601,
920974,84441,
2670214,146727,
6076342,559566,
5154352,497411,
1341533,232547,
5809712,516694,
5809699,516584,
4293764,451641,
7108730,560384,
7418543,567284,
4293819,451741,
4934176,485108,
7418617,567385,
4934169,488037,
5809605,502566,
4933911,485867,
7108715,560369,
4293880,451808,
7418581,567322,
4933891,488005,
7108807,NA,
7418603,567344,
4933969,488104,
1341579,232382,
4293768,451647,
1341483,232364,
4934117,487959,
4293795,451710,
961072,146655,
5809690,516676,
7418594,567335,
921023,83541,
5013670,189761,
5809680,516666,
7108772,560328,
4277225,451758,
7108660,560313,
842721,85950,
5809655,516564,
7418559,567300,
7108790,NA,
1341630,232457,
4293829,451752,
961114,146702,
7418643,567448,
5809527,516709,
5809479,516667,
4934113,487952,
6234550,NA,
4933994,490078,
4934167,488035,
4277261,451790,
1341690,232419,
2978786,146732,
4277327,452002,
961090,146674,
7108714,560368,
7415703,NA,
4293887,451816,
4933898,488012,
7108773,560329,
7108801,NA,
7418669,567236,
4277288,451815,
4293837,451761,
1341699,232459,
7108671,560324,
5809481,516669,
5809402,502589,
1341636,232469,
920989,88050,
7418746,567322,
4933862,487951,
960204,120999,
4277266,451795,
7108712,560366,
4934015,NA,
7108743,560397,
4277235,451768,
7108700,560353,
7108662,560315,
921017,88343,
4934042,487842,
4933933,488054,
4933926,488043,
1341563,232360,
2252603,NA,
921009,83762,
5809624,516060,
960154,121204,
7418642,567447,
7418580,567321,
7108692,560345,
7108785,560341,
887979,89545,
920969,84052,
4277271,451799,
4933878,487976,
2431580,146679,
5809476,516664,
2252639,87853,
4934073,487887,
4293850,451775,
4277309,451836,
4286526,451784,
1341700,232463,
7108718,560372,
7418602,567343,
960252,121192,
4933789,487053,
4277204,451737,
1341606,NA,
1341707,232509,
4934135,487999,
1341516,232484,
7108809,NA,
5809560,517028,
7418494,567235,
4277230,451763,
7418545,567286,
1341684,232394,
921010,87751,
7418556,567297,
4933840,487917,
920932,90642,
4277171,451705,
4934139,488003,
920960,90226,
7418514,567255,
4934148,488013,
5809673,516659,
921067,83957,
842728,86405,
1341552,232344,
1341510,232463,
4293814,451734,
842680,86959,
5809518,516700,
7418501,567242,
7418610,567365,
7418573,567314,
4277283,451810,
6179699,NA,
4933989,490074,
4277136,451647,
5809438,516246,
4293783,451674,
4277256,451786,
4277192,451725,
961084,146668,
7128658,562164,
960080,120990,
7418502,567243,
5809522,516704,
7457048,NA,
7418776,567378,
7418503,567244,
7418563,567304,
7418516,567257,
5058660,475423,
2252768,NA,
7418599,567340,
7418605,567346,
2244970,NA,
7418546,567287,
7418527,567268,
6160426,NA,
2245038,NA,
961117,146710,
5809613,515957,
5809631,516163,
6160433,NA,
4293825,451748,
1341711,232520,
921096,90489,
7418616,567384,
960276,121220,
5809403,515955,
7108770,560326,
7418680,567248,
7418557,567298,
1341517,232490,
4953061,492049,
1341613,232432,
7108722,560376,
1341714,232528,
4933867,487958,
7108777,560333,
960174,121221,
1341490,232392,
7418773,567365,
960171,121218,
7719441,NA,
7418703,567274,
7418787,567409,
7108740,560394,
1341611,232429,
1341640,232474,
4277206,451739,
4277193,451726,
5809687,516673,
5809743,516726,
4293847,451773,
7418677,567245,
1341512,232468,
6136916,NA,
4277144,451656,
7418537,567278,
920907,88534,
1341626,232451,
7108669,560322,
5811033,517553,
921032,86124,
960234,121133,
5809632,516170,
1341713,232523,
7418725,567298,
7418698,567269,
2426057,146702,
4933907,488021,
960272,121216,
7150029,NA,
4293886,451814,
2775153,146712,
4933932,488053,
4934074,487888,
1341615,232426,
5809586,519481,
4277301,451828,
960247,121187,
7518453,NA,
961135,146725,
7418775,567372,
7418482,NA,
7418706,567278,
7418662,567229,
920957,89362,
4933874,487969,
961132,146730,
5809678,516664,
4933997,490081,
7108762,560316,
4934132,487993,
1341589,232395,
842675,85988,
961091,146675,
2252759,83574,
7418500,567241,
4293869,451798,
7418568,567309,
7418607,567353,
7418733,567307,
6377525,NA,
7418768,567346,
7418682,567250,
7418624,567407,
7407186,145849,
961098,146687,
1341543,232538,
1341603,232416,
2978757,146671,
7418674,567242,
842687,88248,
4933968,488102,
842785,NA,
7418721,567294,
4286525,451787,
1341701,232467,
920910,89604,
6329649,NA,
1341558,232353,
7418637,567435,
5013671,NA,
4277163,451683,
4277130,451633,
2252677,87649,
5809660,516601,
4277129,451632,
5809725,516707,
7418611,567369,
7108792,NA,
960088,120998,
5809736,516719,
4277217,451750,
7418766,567344,
5810878,NA,
7418694,567264,
4934197,488082,
7108717,560371,
4293853,451778,
7418571,567312,
7418626,567414,
7418525,567266,
5809661,516607,
6160432,NA,
960108,121016,
842741,88074,
7418583,567324,
4293867,450294,
1341560,232356,
961079,146663,
1341511,232467,
2978747,146656,
921030,85657,
4933897,488011,
921090,90224,
4293846,451772,
5809521,516703,
961133,146724,
4934103,487930,
2252601,90141,
842702,87790,
842722,86023,
5811322,517557,
921094,90302,
1341721,232543,
7418664,567231,
961080,146664,
5809634,516213,
6303791,NA,
7418750,567326,
7418719,567291,
960130,121140,
961108,146695,
960169,121216,
4277150,451662,
7418612,567372,
1341527,232524,
5809426,516159,
1341625,232449,
842735,87181,
1341665,232508,
4522169,450294,
7108761,560315,
5058656,NA,
7418656,567482,
2252692,89050,
2252658,NA,
7445419,NA,
4286521,451738,
7418587,567328,
7418622,567400,
7328194,NA,
4277190,451723,
5809460,516650,
7418518,567259,
4951556,NA,
921133,89461,
5809414,516024,
1341645,232482,
4293878,451806,
5809600,502561,
7418653,567474,
921097,83697,
7418597,567338,
5809519,516701,
4780174,NA,
4277232,451765,
6160904,NA,
4277165,451687,
7418692,567262,
5809468,516656,
960275,121219,
4293827,451750,
7418618,567390,
4277291,451818,
2252615,NA,
5809430,516213,
4934011,490095,
1341621,232442,
7418640,567441,
1341542,232539,
2252748,NA,
842725,86220,
7418566,567307,
1341663,232506,
920951,88604,
921059,89099,
7418727,567300,
920939,85386,
7108701,560354,
6234250,NA,
920987,87727,
7747193,NA,
2252744,84144,
5809585,517048,
1341570,232369,
920950,88472,
1341667,232511,
4786043,NA,
961086,146670,
7418714,567286,
7108686,560339,
2252678,NA,
960127,121137,
961082,146666,
921147,88815,
7418765,567343,
4277278,451805,
4277099,452027,
7418654,567476,
4293812,451732,
7418524,567265,
960093,121003,
5809447,516382,
5809474,516662,
4293767,451646,
7108663,560316,
5809652,516385,
960105,120151,
2250653,146685,
4277088,283391,
842784,89507,
7418650,567467,
7418717,567289,
7418668,567235,
2252713,90540,
921092,90243,
7108782,560338,
4277202,451735,
7418493,567234,
960112,121020,
5809623,516036,
7418708,567280,
7418673,567241,
887978,89339,
7572027,NA,
7418755,567332,
921135,89504,
2978785,146724,
961134,146732,
921024,83893,
4933949,488080,
5809676,516662,
5809670,516656,
2252688,88613,
7418487,567228,
7418496,567237,
4277135,451646,
4293762,451632,
7108808,NA,
7418491,567232,
7418658,567486,
842776,85562,
7108681,560334,
2252767,NA,
4293811,451731,
7418625,567409,
1341607,232422,
6714809,NA,
960083,120993,
960236,121135,
6160430,NA,
921003,89504,
921100,84052,
4934008,490092,
5809543,516723,
887981,90541,
7418770,567353,
4934040,487839,
4277275,451802,
5809382,502553,
4293757,451624,
7418555,567296,
7418732,567305,
5809489,516677,
7108684,560337,
7108652,552997,
4933793,487851,
4277160,451675,
4277189,451722,
5809530,451722,
6983846,451722,
5809603,451722,
4934164,451722,
5809696,451722,
5115020,451722,
4933795,451722,
1341627,232452,
2252612,86201,
842730,86616,
4933819,487887,
7108764,560318,
5809663,516651,
842703,87853,
4277183,451717,
7418495,567236,
7108781,560337,
6160434,NA,
7418736,567311,
921105,84441,
7418614,567378,
920993,88618,
7418519,567260,
6160422,NA,
960163,121210,
7747194,NA,
6160441,NA,
4293818,451740,
4293842,451768,
920938,451768,
920982,451768,
4933883,451768,
4933802,451768,
4933916,451768,
4933996,451768,
2245037,451768,
4934022,451768,
4933951,451768,
4933936,451768,
4934213,451768,
920893,451768,
5809387,451768,
4933887,451768,
4933895,451768,
4934099,451768,
4934203,451768,
4933893,451768,
4933909,451768,
4934182,451768,
4934030,451768,
5809400,451768,
4934044,451768,
921038,451768,
5809409,451768,
5811128,451768,
5809512,451768,
5809445,451768,
6137591,451768,
4934052,451768,
5809381,451768,
5809740,451768,
4933848,451768,
5809732,451768,
4933881,451768,
5809697,451768,
4934001,451768,
5058653,451768,
4934116,451768,
4933959,451768,
5809565,451768,
5809620,451768,
4293879,451807,
4293872,451397,
1341605,232420,
4933803,487864,
7418715,567287,
960136,121187,
7418744,567320,
7418586,567327,
7108780,560336,
4277214,451747,
7108706,560360,
7108667,560320,
4277237,451770,
7418702,567273,
921008,90636,
5809718,516700,
7418678,567246,
960277,121221,
961107,146706,
2203375,NA,
4934208,NA,
961077,NA,
4934205,NA,
4933966,NA,
4934204,NA,
4933967,NA,
4934026,NA,
7108687,NA,
7108804,NA,
5809691,NA,
4933852,NA,
4934133,NA,
4933888,NA,
5809692,NA,
5809682,NA,
5809480,NA,
4933990,NA,
7108754,NA,
5809721,NA,
6244618,NA,
4934178,NA,
960281,NA,
7598946,NA,
5809420,NA,
4933954,NA,
5809548,NA,
4933903,NA,
5809607,NA,
4933985,NA,
5809711,NA,
4933863,NA,
5809643,NA,
5809498,NA,
4933964,NA,
4933894,NA,
4933856,NA,
5810592,NA,
5809588,NA,
4934068,NA,
5809473,NA,
5809724,NA,
4934043,NA,
4934136,NA,
4934210,NA,
5809610,NA,
1341530,NA,
1341650,NA,
5809559,NA,
1341683,NA,
4933842,NA,
5809686,NA,
5809542,NA,
5809482,NA,
5811126,NA,
4933818,NA,
4934092,NA,
2978787,NA,
5809419,NA,
5809432,NA,
7418507,NA,
1341522,NA,
4934051,NA,
4934083,NA,
4933787,NA,
1341622,NA,
1341644,NA,
1341693,NA,
1341657,NA,
1341618,NA,
4933928,NA,
1341557,NA,
5809667,NA,
4934017,NA,
1341581,NA,
5809466,NA,
1341564,NA,
5809546,NA,
4934045,NA,
5166319,NA,
920965,NA,
4934081,NA,
7566540,NA,
4933922,NA,
6160436,NA,
4933995,NA,
961137,NA,
5809385,NA,
6314580,NA,
921091,NA,
4933855,NA,
5809386,NA,
5809641,NA,
5809553,NA,
5809390,NA,
921016,NA,
921004,NA,
6423154,NA,
921134,NA,
4934174,NA,
4934179,NA,
920955,NA,
5809392,NA,
4933961,NA,
920999,NA,
5530238,NA,
921129,NA,
921128,NA,
920995,NA,
920909,NA,
921084,NA,
920952,NA,
921146,NA,
4933794,NA,
920992,NA,
921081,NA,
5809545,NA,
4934049,NA,
921145,NA,
921149,NA,
921080,NA,
4934004,NA,
921079,NA,
921116,NA,
4933838,NA,
4934111,NA,
921077,NA,
921114,NA,
7048699,NA,
921071,NA,
920944,NA,
921034,NA,
921052,NA,
921029,NA,
4934091,NA,
4934215,NA,
5809568,NA,
4934055,NA,
4934126,NA,
5809648,NA,
4934168,NA,
4934065,NA,
4933921,NA,
4934218,NA,
4934105,NA,
4934039,NA,
5809437,NA,
5809470,NA,
4934014,NA,
4934200,NA,
5809497,NA,
4933806,NA,
5809514,NA,
4934021,NA,
5809534,NA,
961083,146667,
887988,84485,
7418639,567439,
4293852,451777,
4277269,451797,
960206,121001,
960153,121203,
921002,89494,
5809436,516232,
7108679,560332,
842777,86246,
4277207,451740,
4277231,451764,
4293785,451677,
921055,87580,
7418676,567244,
961121,146714,
7418553,567294,
1341712,232522,
3179778,NA,
7418747,567323,
960285,121227,
6599968,NA,
5809523,516705,
5809429,516206,
5809552,517038,
7418595,567336,
842723,86061,
960090,121000,
2978758,146672,
7108737,560391,
7418536,567277,
960200,120994,
960227,121126,
7418788,567414,
7418533,567274,
4934086,487906,
7108702,560355,
960282,121224,
7418644,567449,
7108716,560370,
4934216,488105,
960184,121229,
7418484,557341,
7418600,567341,
961118,146711,
4305051,451810,
960134,121185,
4277221,451754,
7418760,567338,
7108661,560314,
7418771,567356,
4934041,487840,
4933788,487842,
4277218,451751,
842682,87089,
7418615,567380,
960185,121230,
5809487,516675,
4277209,451742,
1341655,232494,
4277286,451813,
960107,121015,
1341617,232437,
960253,121193,
2424373,146718,
2978776,146713,
5809550,517018,
920964,90337,
2978750,146659,
960196,120990,
7108672,560325,
960286,121228,
4277243,451775,
7108775,560331,
4277292,451819,
7108666,560319,
842772,84519,
4293884,451812,
7418483,557338,
7418737,567312,
7418628,567418,
5809380,504467,
4933965,488098,
7418498,567239,
7108802,NA,
2252720,83564,
961126,146720,
2252656,85727,
842684,87704,
4293781,451671,
2252679,NA,
4933811,487874,
960111,121019,
4933853,487932,
4934217,488107,
7418531,567272,
1341489,232389,
7418548,567289,
2252670,NA,
1341488,232386,
7418521,567262,
7418572,567313,
4293789,451687,
7108769,560324,
4277156,451671,
4286519,451714,
7418627,567416,
7418569,567310,
4293868,451797,
4277148,451660,
4933957,488089,
960244,121184,
4933963,NA,
887986,87673,
7108713,560367,
4934108,487942,
7128656,562172,
7418782,567394,
4293815,451736,
2978780,146721,
921089,90218,
5809706,516688,
7418763,567341,
4277137,451650,
4933839,487916,
921062,90532,
921018,89716,
2978773,146708,
4934020,490290,
4934013,490097,
4277126,450290,
2252701,89502,
2425575,146660,
4277316,451843,
7108678,560331,
4933829,487899,
921148,89810,
921060,89615,
7418574,567315,
4293776,451660,
921019,84690,
4277210,451743,
7418590,567331,
4934140,488004,
5809709,516691,
960106,121014,
7418490,567231,
1341696,232446,
7418691,567261,
7108744,560398,
960082,120992,
4877801,NA,
7418672,567239,
7418651,567470,
1341682,232389,
4293804,451722,
960159,121206,
921107,85051,
920971,84114,
7418710,567282,
1341587,232521,
4933885,487999,
960270,121214,
5809462,516648,
4734769,482128,
961095,146680,
2252671,86702,
1341481,232358,
960216,121011,
2252734,NA,
4277290,451817,
842782,87674,
7418784,567400,
5809654,516563,
7108691,560344,
7418726,567299,
7418649,567465,
4286518,451709,
960091,121001,
7418565,567306,
921083,88820,
7108690,560343,
4934101,487927,
4934147,488011,
960150,121200,
7418578,567319,
4934122,487968,
5809465,516653,
5810594,516727,
4933859,487946,
6179897,NA,
960223,121019,
1341538,232544,
920996,89141,
2978755,146669,
1341545,232535,
921093,90247,
1341685,232398,
960288,121230,
4933830,487902,
4277274,451801,
7418598,567339,
961104,146692,
2978763,146680,
4277133,451643,
7418542,567283,
7418506,567247,
4933785,487838,
7418504,567245,
960243,121183,
2432215,146688,
2252709,90251,
5809434,516223,
960203,120998,
4277246,451778,
4934152,488017,
4286520,451815,
7306693,NA,
7418696,567266,
2775152,146710,
7108698,560351,
960129,121139,
7108721,560375,
7108758,560312,
7418742,567318,
7418663,567230,
1341550,232525,
5809679,516665,
7418743,567319,
4934159,485871,
1341675,232355,
7418767,567345,
5809628,516156,
5809427,516163,
4277234,451767,
7418659,567490,
6160438,NA,
7418497,567238,
4277181,451715,
5809446,516381,
887980,89701,
5809503,516685,
5809539,516720,
7418687,567257,
5809401,502587,
1341599,232411,
2252705,89619,
7418729,567302,
6149148,NA,
842665,83465,
4277196,451729,
4293858,451785,
4293769,451650,
7418712,567284,
4277162,451679,
7108693,560346,
960264,121206,
4293793,451705,
961116,146709,
960266,121209,
7418534,567275,
7418723,567296,
4933807,487869,
7108789,560345,
920914,85002,
842787,83947,
4933952,488083,
7418796,NA,
1341482,232367,
5809707,516689,
5732823,NA,
920920,86376,
7418741,567317,
7108709,560363,
2978745,146653,
920980,86181,
5811251,NA,
1341637,232471,
4277294,451821,
1341679,232372,
4933849,487927,
5809456,516572,
1341501,232424,
5809461,516651,
920949,88137,
5809511,516693,
4293843,451769,
4277233,451766,
5205674,NA,
4293816,451737,
960258,121200,
5809424,516156,
4934110,487946,
7418686,567255,
7418567,567308,
4277205,451738,
5809597,502550,
6160421,NA,
5809739,516722,
1341493,232398,
6399952,NA,
3953428,NA,
7407187,145848,
7108680,560333,
2978783,146728,
960124,121134,
5810593,516726,
921051,85828,
4277179,451394,
960254,120152,
842716,85646,
7418608,567356,
4277279,451806,
4934062,487870,
960166,121213,
7418734,567309,
4293790,451690,
960131,121141,
7108800,NA,
4277297,451824,
7446052,NA,
2245067,NA,
7108676,560329,
4933801,487861,
5809675,516661,
7418745,567321,
4933792,487848,
7108806,NA,
5810591,516714,
5809744,516727,
5809452,516564,
4293870,451799,
921039,88827,
7747196,NA,
5809469,516657,
1341670,232517,
4293883,451811,
887998,87010,
7418774,567369,
7418655,567478,
4933790,487843,
4933971,488107,
960173,121220,
4934007,490091,
2252626,88273,
842734,87069,
960246,121186,
921095,90337,
2358151,146678,
960092,121002,
1341539,232543,
4293797,451712,
7108795,NA,
7418582,567323,
4277174,451710,
2978748,146657,
4933992,490076,
5809730,516713,
3399678,NA,
960141,121192,
4277184,451718,
5571497,NA,
4277175,451711,
960175,120156,
7418665,567232,
7418667,567234,
960085,120995,
4277200,451733,
5809642,516246,
4933915,488029,
1341592,232400,
5809618,516004,
7418520,567261,
4277131,451641,
7418532,567273,
4277257,451395,
4293830,451753,
887974,86702,
842724,86170,
960214,121009,
5809727,516710,
2252609,NA,
960123,121133,
960284,121226,
4277203,451736,
2252646,84364,
2252685,NA,
2978788,146726,
7108771,560327,
2252652,NA,
4933808,487870,
960165,121212,
960118,121128,
920935,83957,
921085,89127,
5809425,516157,
842786,90157,
921063,90640,
5809649,516269,
4293855,451780,
4934102,487929,
921078,87745,
921104,84357,
6985051,513405,
4707534,NA,
4934143,488007,
4293763,451633,
2978762,146676,
921086,89256,
2655395,146711,
4277239,451772,
7418635,567433,
7418756,567333,
2252700,NA,
4277289,451816,
888020,85543,
7418724,567297,
7418718,567290,
960207,121002,
960135,121186,
4293782,451673,
4277336,452013,
7108810,NA,
7418700,567271,
4293841,451767,
4277267,451796,
842780,87500,
960211,121006,
7108794,NA,
960228,121127,
7418579,567320,
961102,146685,
7418671,567238,
7418522,567263,
4277262,451791,
7418713,567285,
921141,83762,
4933873,487968,
4934047,487848,
3399677,NA,
842691,88729,
4293862,451792,
7418619,567392,
4277245,451777,
960168,121215,
4277132,451642,
4277236,451769,
960179,121224,
2978769,146703,
920948,88041,
4277147,451659,
4277197,451730,
7108763,560317,
1341595,232404,
842749,88931,
961136,146726,
4933927,488045,
4293796,451711,
5809451,516563,
1341540,232542,
7418728,567301,
5809615,515989,
960226,121125,
4933823,487893,
4277258,451789,
921151,84690,
960239,121138,
5809672,516658,
4277188,451721,
960269,121212,
2252741,NA,
960101,121010,
7108732,560386,
4933950,488081,
4683932,475419,
4933810,487873,
5809505,516687,
7629316,NA,
960212,121007,
920908,88827,
921048,85156,
842763,90300,
5809720,516702,
4934093,487917,
2189389,NA,
1341509,232459,
1341620,232441,
6792169,NA,
921011,88177,
7418584,567325,
7518557,NA,
3179775,NA,
4277268,453486,
7418697,567268,
7108699,560352,
842732,86989,
4293856,451782,
4277153,451667,
1341632,232462,
4277121,451622,
7418552,567293,
961097,146682,
4293860,451789,
842696,90595,
921126,89066,
4293885,451813,
7418780,567390,
960115,121125,
2978753,146666,
5809513,516695,
2252727,NA,
842750,89050,
960271,121215,
2252616,86959,
7418758,567335,
2252632,90281,
4277124,451626,
4934094,487919,
4293758,451625,
7419342,NA,
5809714,516696,
960117,121127,
4293834,451758,
4293806,451726,
5809388,502550,
5809708,516690,
5809416,516036,
6160440,NA,
4293813,451733,
2978754,146668,
961075,146658,
921057,88033,
920937,84374,
4277116,452047,
5528793,NA,
4277229,451762,
2252642,89530,
960195,121240,
960218,121014,
7418604,567345,
2252649,84830,
960238,121137,
4277155,451669,
4293807,451727,
4933791,487846,
921144,88405,
5490703,NA,
960215,121010,
5809528,516710,
6160435,NA,
7418748,567324,
5809495,516579,
2252728,NA,
960183,121228,
4293888,451817,
2252697,NA,
4277169,451703,
5809625,516108,
921130,89185,
4934146,488010,
5809694,516570,
4933812,487875,
4293849,451774,
5809700,516681,
7108668,560321,
920976,85051,
961081,146665,
5809684,516670,
4277168,451696,
762480,46472,
4934185,488060,
842759,89619,
4277119,451620,
5809621,516024,
7418701,567272,
5809729,516712,
960172,121219,
7108746,560400,
7418778,567384,
960279,121222,
960142,121193,
4293771,451652,
2252674,87069,
4293792,451703,
842756,89544,
4277097,452023,
7108728,560382,
2252735,NA,
4293826,451749,
7108705,560359,
7418485,578937,
7418623,567404,
4683933,475417,
4286517,451735,
4277270,451798,
5809722,516704,
4934141,488005,
2252710,90300,
7418693,567263,
960225,121021,
921154,87623,
6160437,NA,
960095,121005,
4293820,451742,
921074,86430,
921005,90023,
920991,88494,
4934098,487924,
5809449,516385,
921020,87363,
920966,83697,
2252640,87790,
921113,86836,
920896,85604,
4277238,451771,
6160269,NA,
920928,89615,
4277311,451838,
4277249,451781,
1341717,232546,
7108695,560348,
4357957,NA,
7108812,NA,
7108776,560332,
921042,90319,
4293839,451764,
4293791,451694,
960261,121203,
921068,84231,
7108697,560350,
1341704,232490,
920998,89185,
1341601,232413,
920927,89099,
5809439,516247,
7418786,567407,
4933902,488015,
5809384,502555,
6226642,NA,
5809723,516705,
7418660,567491,
5809464,516652,
960265,121207,
921014,88765,
920940,85479,
921012,88405,
1341716,232540,
4277151,451663,
920936,84231,
7418529,567270,
921120,88050,
7418512,567253,
5809726,516709,
920903,86712,
921076,86819,
7108788,560344,
7418562,567303,
4933973,490293,
960132,121183,
921153,83584,
5809396,502565,
4293854,451779,
5809671,516657,
5809698,516583,
4293809,451729,
961099,146683,
7418499,567240,
4293801,451717,
7418740,567316,
5809594,502555,
961131,146729,
2252660,85950,
960257,121199,
4277328,452004,
4277253,451785,
4277334,452011,
4293775,451658,
960120,121130,
960213,121008,
2252714,90541,
2978752,146664,
960274,121218,
921058,88168,
1341561,232357,
6021778,536205,
7418601,567342,
7418739,567314,
5809646,516250,
2252663,86170,
1341619,232440,
7418630,567421,
920977,85115,
7418575,567316,
4934046,487846,
7418544,567285,
4933869,487960,
4934104,487931,
920959,90224,
960220,121016,
1341520,232509,
4293866,451796,
920947,87745,
1341698,232455,
920954,89127,
920931,90640,
920929,90233,
887984,87499,
921119,88002,
921136,89621,
6124831,NA,
7108656,553007,
7108791,NA,
920901,86124,
4277265,451794,
7108793,NA,
960178,120157,
1341695,232438,
4277176,451712,
1341514,232475,
4277276,451803,
4277285,451812,
2252732,87670,
1341635,232466,
5809742,516725,
1341722,232542,
887971,88115,
842745,88602,
961112,146707,
960267,121210,
7418769,567348,
5809463,516649,
7418681,567249,
4277312,451839,
4293784,451675,
4934209,515582,
4293759,451626,
2252635,85152,
7418489,567230,
7108731,560385,
4933953,488085,
1341478,232349,
2978770,146705,
5809531,516713,
5809612,517033,
5809604,502565,
7418554,567295,
5809608,502569,
5809499,516681,
921007,90418,
7418588,567329,
921053,87056,
921131,89191,
7418539,567280,
7418753,567329,
2252667,86405,
961070,146653,
2252669,86616,
4293770,451651,
5809573,517024,
1341528,232526,
960137,121188,
4933975,490049,
7418535,567276,
1341715,232547,
2252712,90306,
920913,83722,
842671,84786,
7470939,NA,
4277228,451761,
7418645,567452,
1341718,232536,
7108707,560361,
842789,88718,
961074,146657,
960155,121205,
960259,121201,
842765,90411,
7108654,553002,
5809701,516682,
842773,84782,
2252681,NA,
5809735,516718,
887972,89530,
1341677,232364,
2252738,NA,
2252618,87011,
921082,88604,
5809524,516706,
4293774,451656,
960283,121225,
4293805,451723,
5809541,516725,
4293833,451757,
1341524,232520,
960148,121198,
1341709,NA,
2978766,146683,
1341649,232487,
921102,84114,
961127,146721,
7418657,567484,
4934137,488001,
2978765,146682,
842720,85862,
1341614,232435,
7418690,567260,
5809444,516268,
960231,121130,
4933798,487858,
2978782,146723,
2430890,146667,
4955984,NA,
887973,85546,
7108774,560330,
7108759,560313,
7418761,567339,
2978749,146658,
4934202,488088,
4277157,451673,
5809412,516006,
4934057,487864,
921013,88408,
5809455,516569,
4933847,487925,
5809415,516030,
921064,90642,
2252628,NA,
7418705,567276,
4277208,451741,
4933929,485108,
5809442,516250,
2978784,146729,
1341602,232415,
7108703,560356,
4293765,451642,
4293760,451629,
4293823,451746,
2775155,146714,
2250685,146706,
7108768,560323,
7418606,567348,
4277180,451714,
5809688,516674,
4277272,451800,
960097,121007,
960121,121131,
1341604,232417,
2252666,86313,
4277284,451811,
1341653,232492,
842775,85471,
960201,120995,
961123,146717,
842781,87670,
960081,120991,
2252651,85006,
7418752,567328,
2252698,89339,
842679,86691,
960273,121217,
7418638,567436,
5809428,516170,
921043,83453,
4933972,488108,
960278,120156,
921118,87727,
4293861,451791,
7418515,567256,
887987,87672,
4934076,487893,
5862188,520727,
4293822,451745,
5809591,517053,
920953,88852,
921124,88618,
7418550,567291,
2978781,146722,
4928492,NA,
2252743,88718,
4933983,490069,
2252638,87502,
960237,121136,
4277166,451690,
842683,87558,
2252733,NA,
5809635,516215,
7108766,560320,
4293865,451795,
2252673,87023,
4933899,488013,
7418689,567259,
7108747,560401,
1341673,232349,
1341681,232386,
7418731,567304,
960242,121141,
4934207,488093,
5809508,516690,
5809483,516671,
5809443,516251,
921152,87363,
960177,121223,
7418699,567270,
5809494,516575,
4934002,490086,
920930,90532,
921050,85815,
920994,89066,
5157473,NA,
2425813,146700,
921054,87488,
921110,85957,
921075,86466,
961094,146679,
5809637,516221,
7418730,567303,
4277296,451823,
4277318,451987,
842783,87887,
921035,86899,
2978774,147026,
4277282,451809,
5809574,517023,
7108704,560358,
2252631,NA,
7418735,567310,
7418585,567326,
1341578,232379,
4277333,452010,
2252696,87982,
5809669,516655,
920898,85657,
7108784,560340,
4277273,451397,
4293828,451751,
4277319,451988,
5810590,516714,
4293773,451654,
961105,146703,
961139,146734,
7418480,557357,
960110,121018,
7108779,560335,
842672,85491,
960181,121226,
7108673,560326,
4934195,488080,
5809657,516567,
5809491,516680,
4933868,487959,
7108750,560404,
4934127,487976,
4934085,487905,
5135164,NA,
4934144,488008,
5809472,516660,
4933939,488060,
5809398,502567,
921150,89716,
4277161,451677,
4293778,451662,
920997,89144,
2252627,88503,
4566851,NA,
960260,121202,
1341582,232385,
4934096,487922,
921047,85122,
7418589,567330,
2252780,NA,
4277142,451654,
960094,121004,
960219,121015,
4293859,451786,
4933906,488019,
5809619,516006,
4293799,451715,
961129,146723,
842744,88263,
7108738,560392,
960241,121140,
4933796,487856,
4933920,488035,
4293873,451801,
5809448,516383,
5809614,515978,
5134757,NA,
4933913,488027,
960208,121003,
4933872,486602,
7418634,567431,
7418749,567325,
5809617,516000,
1341697,232448,
4934145,488009,
1341689,232418,
5862191,520726,
5809454,516567,
920956,89355,
4293787,451683,
4293803,451721,
7418704,567275,
920962,90247,
4277092,452018,
4293831,451754,
4277304,451831,
4933820,487888,
5809440,516248,
1341575,232375,
921033,86366,
4277281,451808,
4277120,451621,
960125,121135,
888006,88272,
960197,120991,
4293779,451663,
6160431,NA,
2978775,146709,
7108711,560365,
7418592,567333,
5809558,517025,
5809668,516654,
4277222,451755,
7418509,567250,
842713,85006,
4933924,488040,
4277216,451749,
4934150,488015,
920906,87403,
7418621,567397,
1341577,232378,
4293874,451802,
5063333,487981,
920975,84823,
5809506,516688,
4934149,487055,
960221,121017,
921121,88438,
4286523,451766,
4277123,451625,
6160419,NA,
4934084,487903,
5809485,516673,
5809616,515994,
4277167,451694,
921142,87751,
921112,86720,
1341720,232544,
5809441,516249,
4933831,487903,
7418751,567327,
921099,84049,
2252703,89545,
7108739,560393,
1341593,232401,
4277201,451734,
1341666,232510,
887999,87095,
842731,86701,
4277182,451716,
2358149,146665,
2252604,83577,
5809638,516223,
960280,121223,
2252602,83465,
4277122,451624,
921103,84215,
1341623,232445,
920970,84056,
4293800,451716,
960143,120152,
2252689,NA,
2252619,NA,
960170,121217,
1341692,232427,
5809533,516721,
4933960,488092,
920921,87056,
4934082,487899,
4933925,488041,
7418711,567283,
960164,121211,
5133980,NA,
5809630,516159,
4933956,488088,
5809501,516683,
7108726,560380,
2252725,NA,
7108741,560395,
5809596,502548,
921006,90308,
961110,146700,
4293832,451755,
920988,88002,
4934219,485871,
4277250,451782,
5809399,502568,
961119,146712,
921069,84374,
960160,121207,
7108753,560407,
1341658,232498,
7108651,553031,
2252746,85825,
4277194,451727,
842774,85391,
960167,121214,
1341487,232381,
7418648,567460,
4277280,451807,
920973,84357,
7108756,560410,
4934161,488027,
4293824,451747,
4277321,451991,
887976,88125,
1341480,232352,
4277244,451776,
2252726,NA,
960224,121020,
7418492,567233,
920961,90243,
2252742,NA,
4277152,451665,
4277240,451773,
5809561,517031,
4934034,487831,
960255,121194,
4277308,451835,
2252686,88263,
960222,121018,
4933851,487930,
4286522,451659,
920984,87201,
4277139,451652,
5809609,502587,
920941,86302,
1341648,232486,
921117,87686,
921046,85002,
842737,87649,
1341503,232430,
4933780,487831,
6076343,559565,
960128,121138,
5809433,516221,
7418683,567251,
5810879,NA,
4277096,452022,
4277094,452020,
2978789,146733,
2978756,146670,
2432415,146692,
888014,NA,
4277191,451724,
4293808,451728,
7418685,567253,
920917,85593,
921027,85525,
6160429,NA,
6021698,NA,
887969,87011,
960248,121188,
2244969,NA,
4293786,451679,
7418629,567420,
920897,85635,
842709,84746,
960145,121195,
4933931,488052,
5809650,516382,
7418479,557352,
920902,86366,
7418513,567254,
921049,85593,
1341535,232546,
5809702,516683,
7418591,567332,
5809662,516650,
921127,89138,
5809683,516669,
5809516,516698,
5809593,502553,
1341502,232427,
1341486,232380,
5809741,516724,
1341518,232497,
7108653,552999,
1341567,232365,
5809611,515955,
888017,84483,
4293772,451653,
4277105,450295,
960192,121237,
5809475,516663,
7108767,560321,
4293835,451759,
960240,121139,
5809477,516665,
4277322,451994,
7418517,567258,
887985,87671,
4934142,488006,
4934151,488016,
4933917,485106,
5809422,516150,
1341597,232408,
960180,121225,
2252694,89189,
6160439,NA,
921000,89200,
921045,83722,
1341562,232359,
960138,121189,
2189388,228821,
5826206,501999,
1341551,232343,
842718,85763,
960193,121238,
4293863,451793,
4293802,451718,
921140,90636,
4933779,487828,
4934163,488029,
920942,86430,
960251,121191,
7108696,560349,
960158,120155,
7418646,567455,
2252655,85646,
2252731,87500,
2252737,87887,
920978,85911,
7418620,567394,
5809500,516682,
2252716,90768,
960103,121012,
4293794,451707,
7108805,NA,
842726,86258,
5809602,502563,
4277293,451820,
960122,121132,
921087,89355,
5809486,516674,
4277329,452005,
4933904,488017,
4933876,487973,
6021776,536209,
7418561,567302,
5809629,516157,
1341702,232468,
1341600,232412,
5809653,516560,
4293889,451696,
960162,121209,
960102,121011,
961138,146733,
960119,121129,
4277149,451661,
2252684,88125,
960156,120153,
2252650,NA,
2978777,146717,
960152,121202,
960205,121000,
960084,120994,
7108783,560339,
2978768,146686,
2252633,NA,
2978760,146674,
842740,87734,
842698,85152,
960139,121190,
960229,121128,
960099,121009,
7640441,NA,
4933980,490067,
7108729,560383,
4934162,488028,
2252645,84048,
6342170,502008,
7418526,567267,
5809423,516152,
5809601,502562,
4934212,475443,
5809685,516671,
5809728,516711,
7108803,NA,
4277154,451668,
4555923,155880,
920919,85828,
960126,121136,
960198,120992,
4934130,487981,
920923,87580,
960133,121184,
961087,146671,
1341498,232414,
2252637,86975,
842739,87714,
842738,87683,
7418722,567295,
5809453,516565,
887997,87008,
1341668,232513,
1341706,232505,
2978790,146734,
2252736,87674,
7418613,567376,
1341616,232436,
842767,90682,
2252715,90682,
960230,121129,
4934196,488081,
921088,89362,
4934131,487983,
5809557,517034,
5809665,516649,
4277140,451653,
4934095,487920,
4934199,488085,
842757,89502,
5809504,516686,
6160424,NA,
4277303,451830,
2252722,NA,
920900,85659,
7418477,557350,
5809515,516697,
4933861,487949,
887977,89051,
4277263,451792,
4277145,451657,
4276924,477032,
920983,87048,
1341534,232540,
921056,87697,
2252730,87499,
7418652,567472,
7418684,567252,
1341504,232433,
842768,90768,
4277109,452035,
2252724,85471,
4933797,487857,
960157,120154,
4277226,451759,
920968,84049,
842692,89529,
7418596,567337,
960086,120996,
960263,120153,
888011,89558,
2252657,NA,
5809664,516648,
960262,121205,
5809493,516573,
5809549,502556,
4934181,488057,
1341624,232447,
4933843,487920,
2252665,86258,
4933923,488038,
4934123,487969,
4725375,NA,
2252672,86989,
960268,121211,
1341479,232355,
1341678,232367,
4286524,451657,
4277138,451651,
4934056,487862,
5809450,516560,
1341705,232497,
4277302,451829,
4277185,451719,
2252693,89051,
7418762,567340,
842764,90306,
961106,146705,
1341731,232514,
2252653,85383,
4277255,451788,
4934206,488092,
7418641,567443,
842788,84539,
1341521,232512,
842673,85544,
842708,84364,
842748,88921,
960100,120150,
7108749,560403,
4293777,451661,
4934129,487980,
2252729,NA,
5809502,516684,
4934106,487933,
1341513,232470,
4277277,451804,
5809383,502554,
4934031,490295,
5809484,516672,
5809713,516695,
4277339,451784,
920934,90665,
960233,121132,
4933832,487905,
4933846,487924,
2245068,NA,
7418720,567292,
842729,86410,
960114,121022,
4277335,452012,
2252643,NA,
4277299,451826,
960235,121134,
842736,87314,
5809627,516152,
762488,46480,
2252607,84484,
961146,146716,
5809529,516711,
960149,121199,
4934024,490289,
4933900,475421,
842706,83444,
920985,87653,
5809471,516659,
7418632,567427,
4934072,487885,
4934121,486602,
2252613,86338,
5809421,516145,
1341525,232522,
5058658,NA,
5809717,516699,
4934175,488048,
961071,146654,
1341651,232489,
4934066,475418,
7108796,NA,
921109,85911,
961085,146669,
960087,120997,
5013672,NA,
5809576,517027,
842704,87982,
961076,146659,
1341590,232397,
5809457,516574,
2252723,NA,
4277227,451760,
7418511,567252,
4277220,451753,
4293788,451684,
7108799,NA,
762487,46479,
842760,89700,
921101,84056,
2252641,NA,
5809645,516249,
4933910,488025,
1341484,232372,
1341680,232381,
920946,87623,
5809492,516570,
921037,87403,
960096,121006,
1341526,232523,
7108755,560409,
888021,85668,
7108752,560406,
2252680,87716,
2252648,84818,
4277300,451827,
842761,89856,
4293864,451794,
960249,121189,
5157136,454484,
960151,121201,
960189,121234,
4277113,452042,
842693,89559,
2252683,88124,
842670,84484,
842751,89189,
2252707,89701,
4933982,490068,
4934171,488040,
5809592,502552,
842778,86931,
4277306,451833,
2252634,NA,
4934107,487935,
7418570,567311,
2252647,84746,
5809598,502559,
5809408,515989,
921139,90418,
960089,120999,
2252675,87181,
5809622,516030,
960098,121008,
961124,146718,
1341642,232477,
2252644,83444,
1341631,232460,
4277117,452048,
7108751,560405,
887983,87498,
2252706,89700,
1341703,232470,
887975,87716,
5826208,503313,
920894,83541,
960140,121191,
4277143,451655,
5809658,516569,
961115,147026,
960176,121222,
2252664,86220,
5809633,516206,
842677,86338,
7108734,560388,
4293881,451809,
1341598,232410,
842667,83577,
1341638,232472,
1341531,232532,
4293755,451621,
2978746,146655,
4277101,452029,
2252662,NA,
4933958,488090,
4934035,487832,
4934173,488043,
5809636,516216,
2978767,146684,
2252621,NA,
4933877,487975,
4933786,487839,
1341568,232366,
4277118,452049,
3169086,NA,
920958,90218,
5809647,516251,
1341719,232545,
921022,NA,
5809520,516702,
2418264,NA,
920986,87686,
960109,121017,
921098,84034,
1341691,232424,
2252617,87009,
887989,86396,
2252629,88729,
921070,84876,
842666,83499,
842719,85792,
7418523,567264,
4277320,451989,
1341569,232368,
2252717,90769,
7418779,567385,
5809435,516231,
4277125,451628,
2252740,NA,
1341633,NA,
960116,121126,
5205678,487879,
960182,121227,
921122,88494,
4293857,451783,
5809411,516004,
2252708,89856,
6958912,NA,
2252605,83645,
4277325,451999,
842669,83765,
4277091,452017,
887995,86690,
2252721,84519,
7418777,567380,
4293756,451622,
960199,120993,
4934048,487851,
4934177,488050,
1341548,232529,
961089,146673,
5809395,502564,
4277264,451793,
921137,90023,
1341566,232363,
2674705,146730,
1341573,232373,
4293877,451805,
7418558,567299,
4277295,451822,
842717,85727,
762483,46475,
4669517,475418,
3930135,NA,
1341574,232374,
888012,83644,
842715,85383,
2252676,87314,
921106,84823,
4934138,488002,
7418551,567292,
842742,88124,
921015,88815,
842769,83552,
961088,146672,
960191,121236,
2252695,89236,
4277212,451745,
5809556,517035,
842710,84818,
1341652,232491,
842771,83564,
2252636,NA,
842733,87023,
4277170,451704,
5809496,516581,
2252682,NA,
4277177,451713,
887994,86391,
4934064,487874,
4933857,475420,
5133978,NA,
1341664,232507,
5809674,516660,
5809715,516697,
842779,87497,
1341687,232409,
921021,NA,
5063336,NA,
2975518,146707,
921041,89604,
921111,86181,
5810596,517042,
4277178,450293,
7108727,560381,
5809606,502567,
960144,121194,
842753,89338,
4933955,488087,
5809536,516717,
5809733,516716,
842695,90281,
842762,90251,
2203376,NA,
921044,83584,
920918,85815,
920981,86720,
5809413,516016,
1341496,232407,
2252622,87704,
960245,121185,
842712,84999,
2252620,NA,
2252690,88921,
887996,86958,
4277323,451995,
1341485,232376,
961140,146736,
4277187,451720,
2252614,86392,
2252630,NA,
5809677,516663,
2252704,89613,
921028,85604,
5809644,516248,
5809737,516720,
5809570,517039,
5809704,516685,
888015,90658,
4277248,451780,
2978759,146673,
4277310,451837,
5809526,516708,
5809551,502549,
7108725,560379,
1341544,232537,
842668,83645,
5809659,516572,
961096,146681,
4933991,490075,
842766,90540,
2252747,NA,
4933970,488105,
842689,88503,
920967,84034,
762490,46482,
1341506,232446,
1341643,232479,
1341641,232476,
960209,121004,
4293810,451730,
5809705,516686,
4277107,452033,
887982,90769,
920911,90319,
960161,121208,
1341654,232493,
842746,88613,
5809459,516607,
1341532,232534,
5013669,NA,
6160423,NA,
1341596,232405,
961144,146737,
5809554,513721,
1341609,232425,
7108797,NA,
5809509,516691,
961101,146688,
5809394,502563,
5809571,517013,
1341629,232456,
4277102,452030,
960217,121013,
762475,46467,
842707,84048,
842686,88113,
1341610,232428,
961122,146715,
960186,121231,
960147,121197,
842770,88683,
2252691,88931,
5809566,517017,
4934097,487923,
2252668,NA,
5809532,516566,
5809695,516573,
2252625,88248,
1341672,232348,
960104,121013,
5809578,517043,
4933988,490073,
5809580,517041,
1341585,232390,
4293780,451669,
921031,85659,
7108778,560334,
4476575,NA,
1341494,NA,
2252659,85862,
1341588,232393,
5809569,517030,
7108655,553001,
4277173,451709,
4277108,452034,
4933889,488003,
1341515,232478,
960146,121196,
2252624,88113,
4934018,485259,
960202,120996,
4933892,488006,
961142,146731,
7108765,560319,
1341519,232505,
887970,87090,
888004,88112,
4277324,451997,
762486,46478,
7108733,560387,
4293845,451771,
887991,85987,
888001,83574,
5809693,516680,
5809590,517052,
960256,121198,
921073,86302,
5809418,516072,
1341594,232403,
1341669,232516,
4277106,452032,
842758,89613,
920943,86466,
7418647,567457,
842697,90659,
4933987,487086,
762485,46477,
4933976,490062,
4934005,490089,
5809626,516150,
4934010,490094,
5809507,516689,
1341553,232345,
961113,146708,
842701,87502,
1341507,232448,
961078,146661,
4277089,452015,
762477,46470,
4277134,451645,
842699,86379,
842700,86975,
842727,86313,
921026,85272,
6240871,NA,
5809535,516716,
4277115,452045,
4277199,451732,
1341612,232431,
4934125,487973,
921025,84189,
842711,84830,
842705,90615,
842790,84144,
2252623,87864,
1341656,232495,
961111,146701,
5809582,517045,
1341576,232377,
961093,146678,
960187,121232,
762491,46483,
4934016,487149,
961125,146719,
2252719,88683,
1341584,232388,
888000,87096,
920990,88438,
1341639,232473,
960287,121229,
4934154,488021,
961147,146698,
842747,88739,
888013,90140,
762478,46469,
2252687,88602,
4277315,451842,
888008,88531,
4225310,232545,
1341660,232501,
961130,146728,
1341529,232528,
2203374,NA,
762489,46481,
888018,84785,
762484,46476,
842690,88532,
842743,88255,
888002,87556,
1341646,232483,
5809405,517033,
1341694,232433,
842678,86392,
4277242,450292,
961141,146696,
7418633,567429,
842685,87864,
842681,87009,
7108723,560377,
4954121,NA,
1341647,232485,
5874858,NA,
2252611,NA,
888003,87703,
4277223,451756,
2252654,NA,
1341549,232527,
1341556,232350,
842714,85077,
920972,84215,
2252711,90411,
2252699,89387,
1341554,232346,
4277305,451832,
887990,83498,
1341586,232391,
842694,90141,
920904,86899,
4933850,487929,
887993,86337,
920925,88033,
1341541,232541,
1341674,232352,
4277093,452019,
2978761,146675,
4934025,487061,
4277314,451841,
762476,46468,
4277090,452016,
4277100,452028,
7108735,560389,
5873367,NA,
920915,85122,
5809404,515956,
2252702,NA,
762481,46473,
888005,88247,
4934029,490297,
5809389,502551,
1341580,232383,
1341628,232454,
4277211,451744,
4277332,452009,
2250668,84186,
4277111,452039,
920892,83893,
921040,88897,
4933999,490083,
4933821,487889,
4934000,490084,
1341555,232347,
4293875,451803,
921036,86908,
5809651,516383,
961109,146699,
4293836,451760,
5809577,517176,
4277110,452037,
1341565,232362,
1341499,232418,
4934063,487873,
2252610,85669,
5809525,516707,
842674,85669,
1341559,232354,
842752,89236,
2252608,NA,
762479,46471,
888010,89528,
5809567,517015,
2252661,86023,
5809584,517047,
842688,88273,
4934028,490045,
4277098,452025,
5809575,517040,
842792,NA,
1341523,232519,
887992,86200,
5809563,517020,
960188,121233,
960194,121239,
5810595,517021,
888009,88728,
5809581,517044,
4934027,490043,
1341571,232370,
2290677,232402,
4277331,452008,
842755,89413,
5809517,516699,
1341662,232504,
4277259,450289,
4277317,451986,
5809587,517049,
1341495,232406,
2252745,NA,
4277260,451396,
842793,NA,
4277114,452044,
1341591,232399,
2290675,232531,
4277298,451825,
4277095,452021,
960190,121235,
4933978,490064,
4442257,NA,
2252606,NA,
5809555,517029,
4277326,452000,
961145,146697,
762474,46466,
4277104,451398,
762482,46474,
888016,83764,
4277112,452040,
4277313,451840,
920899,85525,
961143,146735,
842754,89387,
888007,88502,
842676,86201,
1341572,232371,
4277103,452031,
4934012,490096,
4933986,490072,
842791,NA,
920895,85272,
4277307,451834,
5809583,517046,
1341659,232500,
888019,85490,
920905,86908,
5809547,516997,
7418764,567342,
4934019,486623,
1341671,232518,
