PCID,TCGID,
925834,84501,
921195,86014,
6666565,NA,
806164,89257,
4614302,NA,
5254017,NA,
4528949,NA,
5253064,NA,
960736,130990,
7557962,NA,
6715191,NA,
921310,88465,
7323484,NA,
960774,131040,
5254057,NA,
4614327,NA,
921215,84018,
7566545,NA,
5880748,NA,
4334533,NA,
921292,90598,
5880870,NA,
4614398,NA,
6666564,NA,
5880691,NA,
5254046,NA,
960527,130930,
921271,89923,
3473104,NA,
889245,90340,
5880730,NA,
5880769,NA,
806305,90444,
960549,130958,
3667031,276995,
5253934,NA,
889227,84091,
2975523,113688,
960750,131010,
806118,86115,
959761,113707,
2978683,113699,
5254006,NA,
6646780,NA,
3473067,NA,
889229,84336,
889251,83728,
4614330,NA,
959797,113753,
960775,131041,
4614406,NA,
5880701,NA,
5880780,NA,
5253937,NA,
959744,113690,
6011528,NA,
921279,86254,
762156,83873,
762166,85301,
5881404,NA,
5880851,NA,
921361,88356,
5254015,NA,
5253983,NA,
3666977,276947,
5880798,NA,
5253977,NA,
960740,130994,
925837,87220,
921168,84066,
806230,89317,
806302,89552,
5253999,NA,
921290,90459,
3667077,274459,
960743,131000,
5253980,NA,
3669779,271514,
5880788,NA,
5880746,NA,
6377912,NA,
6177496,NA,
806298,89068,
4614275,NA,
889246,90576,
5880808,NA,
2358236,NA,
5253986,NA,
5205169,NA,
3765632,NA,
5880807,NA,
2156521,86869,
806131,85362,
4614345,NA,
2245049,NA,
5253955,NA,
4614280,NA,
849849,89646,
5489516,NA,
762202,88884,
960561,130974,
762312,87251,
960677,130757,
889250,83714,
806128,83618,
806318,88392,
5254037,NA,
960721,130972,
2782389,113713,
3473071,NA,
964042,197666,
2975522,113690,
6088873,NA,
762104,83985,
3667104,276985,
849856,90770,
849812,86840,
5253929,NA,
762157,83963,
849959,83553,
849846,89399,
959780,113726,
5880836,NA,
2864132,113661,
5253982,NA,
762100,87789,
5253970,NA,
849806,84849,
5254040,NA,
806180,86319,
5878525,NA,
3669777,277884,
925844,85997,
1450286,87544,
849860,83556,
964049,197673,
889109,88676,
806176,85732,
806243,86620,
960560,130973,
5253989,NA,
5254025,NA,
5880829,NA,
921357,83551,
4614264,NA,
5880872,NA,
959777,113723,
921227,86413,
762101,87524,
3010354,NA,
762185,83981,
4614287,NA,
3473054,NA,
960516,130767,
5253991,NA,
806297,88926,
5790885,NA,
6666560,NA,
5253951,NA,
889193,84456,
4614324,NA,
806265,87391,
5880898,NA,
762194,87535,
889254,85137,
921330,86262,
762307,NA,
4614320,NA,
5880796,NA,
849844,89038,
960668,130687,
960533,130936,
960572,130987,
960769,131032,
960768,131031,
2414197,90504,
3399982,NA,
2978698,113718,
4614387,NA,
960783,131049,
762117,89035,
964211,197678,
2381912,85436,
960596,131015,
5880911,NA,
5451767,NA,
889252,84118,
762274,83965,
4614328,NA,
889157,88053,
964081,197716,
4614378,NA,
889170,88591,
849797,88684,
5880787,NA,
5254004,NA,
960672,130691,
2771604,253389,
3667105,276988,
762122,85213,
806212,88400,
960537,130942,
806261,85482,
964024,197646,
2677915,85464,
889119,84406,
6088871,NA,
3473072,NA,
960747,131004,
806185,87204,
964200,197666,
762319,90386,
5880778,NA,
6047559,NA,
925840,85484,
921360,87579,
3812828,277791,
3667024,276983,
762310,85578,
806255,83923,
849923,89459,
964063,197687,
959732,113678,
5880912,NA,
3473051,NA,
964134,NA,
2677908,85879,
849821,89459,
6254481,NA,
806306,90637,
960508,130757,
959747,130757,
2978705,130757,
921176,130757,
921197,130757,
3666990,130757,
921216,130757,
921338,130757,
959752,113698,
960578,130993,
960566,130979,
960734,130988,
3667087,276990,
806280,84977,
6021834,NA,
2775136,113737,
762140,83979,
5880818,NA,
964058,197682,
960607,131028,
806268,88486,
921192,85844,
762231,86504,
849965,86730,
3473094,NA,
959779,NA,
2978701,NA,
3667071,NA,
3667046,NA,
921251,NA,
921171,NA,
3667088,NA,
921293,NA,
921327,NA,
960667,NA,
3179769,NA,
959784,NA,
2978661,NA,
3666983,NA,
3666982,NA,
960519,NA,
3179767,NA,
921261,NA,
5428221,NA,
921196,NA,
3667018,NA,
3010356,NA,
921258,NA,
921324,NA,
921294,NA,
3667025,NA,
960539,NA,
921311,NA,
762207,NA,
921336,NA,
925847,NA,
3667026,NA,
960746,NA,
959741,NA,
3667101,NA,
2775126,NA,
3667010,NA,
921334,NA,
6795207,NA,
3667004,NA,
2867111,NA,
921276,NA,
3667080,NA,
2775131,NA,
3773754,NA,
3667029,NA,
921217,NA,
3667089,NA,
3667075,NA,
3667039,NA,
2368840,NA,
3666997,NA,
959745,NA,
2978710,NA,
3923195,NA,
921235,NA,
3773755,NA,
3666965,NA,
959748,NA,
959755,NA,
3666999,NA,
921199,NA,
3667073,NA,
3666993,NA,
3667066,NA,
921224,NA,
921264,NA,
959802,NA,
921174,NA,
921329,NA,
921252,NA,
960631,NA,
960649,NA,
3812628,NA,
3667082,NA,
3667109,NA,
3667084,NA,
960694,NA,
1450287,NA,
3667014,NA,
3667040,NA,
921156,NA,
960573,NA,
960588,NA,
3667091,NA,
960505,NA,
960534,NA,
762294,NA,
960701,NA,
960733,NA,
925841,NA,
2410625,NA,
960637,NA,
3666978,NA,
3667053,NA,
925846,NA,
3667050,NA,
3667016,NA,
925839,NA,
925859,NA,
960521,NA,
925829,NA,
1450281,NA,
3667103,NA,
6339995,NA,
925832,NA,
3666971,NA,
762218,NA,
921275,NA,
925845,NA,
3667006,NA,
925851,NA,
921189,NA,
3666969,NA,
921295,NA,
6733469,NA,
960555,NA,
921257,NA,
960742,NA,
925826,NA,
1450280,NA,
762304,NA,
960759,NA,
960655,NA,
1450247,NA,
925849,NA,
762217,NA,
925858,NA,
960582,NA,
1450246,NA,
3666976,NA,
3667085,NA,
959807,NA,
960782,NA,
921170,NA,
2978696,NA,
1450277,NA,
1450294,NA,
1450211,NA,
1450196,NA,
959731,NA,
2978709,NA,
2978689,NA,
762208,NA,
2978707,NA,
762285,NA,
2411342,NA,
3667007,NA,
960722,NA,
762267,NA,
1450255,NA,
960559,NA,
1450274,NA,
762269,NA,
960670,NA,
3667074,NA,
1450243,NA,
921222,NA,
960724,NA,
3667027,NA,
960720,NA,
1450258,NA,
3667113,NA,
2978673,NA,
1450220,NA,
3666992,NA,
762308,NA,
1450306,NA,
3667078,NA,
959719,NA,
762239,NA,
1450260,NA,
2978692,NA,
3667079,NA,
7407188,NA,
2418130,NA,
921173,NA,
2418131,NA,
959749,NA,
762282,NA,
2978703,NA,
959776,NA,
1450261,NA,
960678,NA,
3010355,NA,
960597,NA,
921229,NA,
1450240,NA,
959753,NA,
762240,NA,
762252,NA,
1450198,NA,
1450270,NA,
1450229,NA,
762281,NA,
762242,NA,
960633,NA,
921335,NA,
960569,NA,
960737,NA,
1450234,NA,
762247,NA,
921283,NA,
921253,NA,
960752,NA,
2978677,NA,
921304,NA,
762276,NA,
3666980,NA,
960689,NA,
762277,NA,
959756,NA,
921305,NA,
960528,NA,
959757,NA,
762249,NA,
960712,NA,
921200,NA,
960548,NA,
2978676,NA,
960606,NA,
762278,NA,
960660,NA,
960659,NA,
3667009,NA,
960621,NA,
921254,NA,
960620,NA,
921234,NA,
960776,NA,
4780177,NA,
921265,NA,
2978700,NA,
921180,NA,
921260,NA,
921286,NA,
960594,NA,
921308,NA,
960690,NA,
921309,NA,
921341,NA,
960749,NA,
960709,NA,
960586,NA,
921256,NA,
960598,NA,
7414177,NA,
921160,NA,
959772,NA,
2978668,NA,
3667002,NA,
921268,NA,
921206,NA,
960616,NA,
960615,NA,
959790,NA,
960614,NA,
921288,NA,
960700,NA,
921342,NA,
960684,NA,
921345,NA,
3667003,NA,
960592,NA,
959729,NA,
960770,NA,
960739,NA,
3667093,NA,
921349,NA,
921244,NA,
921316,NA,
921317,NA,
3667033,NA,
921184,NA,
3667070,NA,
3667067,NA,
960699,NA,
762318,NA,
921178,87261,
960580,130995,
921303,86807,
960673,130692,
762256,86520,
762129,85871,
5254054,NA,
2978699,113719,
5253958,NA,
849877,84332,
849845,89196,
4654020,NA,
5880910,NA,
4614395,NA,
960685,130918,
3473074,NA,
7095578,NA,
2244973,NA,
921267,88835,
960693,130929,
2244974,NA,
6124830,NA,
3880845,NA,
849926,89875,
889270,88443,
806314,88205,
806304,90000,
849917,87272,
889145,85352,
889176,87632,
4614357,NA,
960512,130761,
762177,88881,
7109509,NA,
5253981,NA,
960682,130762,
5253961,NA,
3666973,274438,
5705708,NA,
762290,87534,
960653,130986,
886566,88872,
921346,89657,
3669782,271520,
2978693,113711,
889098,83452,
3473092,NA,
849803,84126,
889285,87632,
5880850,NA,
3667034,276998,
960535,130938,
849790,84292,
4614310,NA,
5254036,NA,
4614339,NA,
7629577,NA,
2771504,253323,
960558,130971,
2978688,113706,
2156511,83989,
959803,113759,
921183,90212,
849810,86260,
2771056,253122,
960698,130934,
2978679,113694,
921166,83516,
4614309,NA,
2156503,83971,
3667057,277793,
921247,90544,
5880840,NA,
960732,130983,
4614359,NA,
921333,86413,
4614342,NA,
889140,83728,
849922,89029,
5880785,NA,
960676,130756,
5254000,NA,
5880826,NA,
5253976,NA,
2978681,113697,
1450232,85283,
806221,84346,
959812,113769,
925856,88219,
762109,85305,
762158,83966,
964187,197646,
4614277,NA,
3473123,NA,
5254039,NA,
5253939,NA,
889168,87601,
5253943,NA,
959762,113708,
5996832,NA,
4614396,NA,
4614282,NA,
5254035,NA,
6377915,NA,
4614353,NA,
959720,113666,
762303,85711,
1450271,85721,
960584,131001,
3667047,277017,
762255,86516,
3666970,276944,
806307,83832,
806213,89718,
5880913,NA,
889110,88686,
921231,86936,
889128,87989,
849890,90466,
762133,90503,
964046,197670,
3473108,NA,
6870131,NA,
3473013,NA,
6135481,NA,
849935,84860,
960666,131065,
3473084,NA,
3669781,271518,
849791,85842,
5254043,NA,
4614369,NA,
5880718,NA,
921285,87454,
960571,130984,
2771461,253389,
762181,83884,
849796,88543,
806257,84500,
806220,83685,
2156415,83985,
806204,85583,
806256,84443,
4614412,NA,
964148,197812,
2674765,113731,
889162,89649,
5253975,NA,
5880812,NA,
5880810,NA,
5254042,NA,
5254013,NA,
960499,130687,
6011507,NA,
2771059,253125,
3667013,276962,
959800,113756,
3667008,277012,
3666966,274434,
849835,85974,
959798,113754,
2156520,86865,
3179771,NA,
849925,89670,
4614390,NA,
3473116,NA,
849807,85752,
5253954,NA,
964030,197652,
806246,87987,
806240,85865,
3473136,NA,
5254026,NA,
964199,197665,
806156,86065,
3666998,276972,
889282,88812,
806286,86319,
849857,83553,
6177498,NA,
3667022,276980,
762316,88790,
959769,113715,
2156472,83966,
964224,197696,
3473079,NA,
849839,87280,
960608,131029,
889269,88298,
2156530,88867,
806127,83544,
849924,89532,
889225,90704,
762138,83967,
806316,88220,
960691,130927,
886568,85709,
3667096,276967,
762139,83974,
921340,87614,
762236,88876,
2156464,87538,
2156501,83964,
2156525,87535,
964052,197676,
3473105,NA,
4614424,NA,
5253927,NA,
5253061,NA,
4614421,NA,
889247,90617,
4614340,NA,
4614338,NA,
6715192,NA,
849967,89569,
4614356,NA,
889235,86154,
3473030,NA,
806191,89068,
5253997,NA,
889127,87247,
5880711,NA,
3667107,276991,
2978670,113680,
3667042,NA,
762315,88779,
762116,88869,
849913,86604,
762146,86862,
806203,85472,
5427857,492258,
3473004,NA,
4953047,NA,
2156494,88881,
3473058,NA,
849962,83556,
5427865,492255,
849823,89670,
959796,113752,
3473131,NA,
4614346,NA,
3473117,NA,
4614335,NA,
5880871,NA,
5880827,NA,
2245065,NA,
960550,130959,
959805,113761,
4614316,NA,
2156452,83967,
3667019,276974,
889197,84767,
849804,84333,
886555,85293,
4614382,NA,
4614291,NA,
960761,131024,
3473090,NA,
849837,86992,
889103,87258,
889221,88686,
5880752,NA,
921319,90706,
806312,87576,
762292,87540,
1450304,88861,
806153,84877,
762167,85310,
806215,88548,
2317832,NA,
762180,83877,
3473052,NA,
2156461,87525,
3473077,NA,
921266,88315,
5880848,NA,
806238,85419,
5254031,NA,
3473021,NA,
5427858,492266,
5427864,492272,
2245021,NA,
4614366,NA,
889223,89084,
4034854,NA,
4614292,NA,
4614386,NA,
5880725,NA,
960540,130945,
5253065,NA,
2775125,113740,
3667095,276965,
1450295,83977,
762123,87527,
849842,88162,
4614304,NA,
921332,86318,
886550,83975,
3473119,NA,
960507,130756,
889171,84330,
2978694,113712,
921358,85408,
806284,86173,
889133,89102,
4614299,NA,
806277,84279,
960536,130941,
889261,87812,
5254059,NA,
3667001,276984,
849794,87371,
5253953,NA,
5253063,NA,
5427859,492264,
5880687,NA,
960531,130934,
849792,86236,
960601,131022,
959778,113724,
4175617,NA,
886551,83980,
960664,131063,
1450224,88876,
5427860,492278,
4614266,NA,
960500,130688,
4614401,NA,
3473124,NA,
889177,84629,
5253947,NA,
889249,83633,
3473118,NA,
4614284,NA,
6875273,NA,
806262,86065,
5253959,NA,
6666562,NA,
1450250,88879,
5880726,NA,
889161,88443,
5253963,NA,
6363012,NA,
806150,84443,
5880847,NA,
964071,197697,
849904,83782,
959771,113717,
5880737,NA,
960567,130980,
762317,88886,
762291,87536,
960553,130962,
886557,86857,
806209,88220,
849814,86978,
806239,85594,
762198,87547,
849966,87088,
3473138,NA,
2156424,87554,
849801,83781,
4614303,NA,
3473096,NA,
4614422,NA,
3473039,NA,
5880244,NA,
921270,89751,
5254021,NA,
5254003,NA,
849829,84303,
3473033,NA,
889142,84433,
5880904,NA,
5253066,NA,
889232,85364,
4614321,NA,
5880791,NA,
5953436,NA,
925857,88222,
960683,130763,
959788,113743,
2771554,253385,
849867,86556,
4614358,NA,
889214,87258,
762165,85294,
964212,197679,
889240,88044,
964077,197709,
849914,86840,
762107,85300,
5880838,NA,
2978684,113701,
849939,86992,
5880710,NA,
5254044,NA,
849851,89932,
964047,197671,
5254010,NA,
5880811,NA,
5880814,NA,
964065,197689,
925852,89720,
7413812,132237,
959727,113673,
762127,85435,
1450257,83874,
2156470,83873,
762112,NA,
964075,197704,
849936,85401,
889122,85788,
5254064,NA,
4614322,NA,
3473070,NA,
849862,86290,
849915,86932,
3473045,NA,
7407190,118342,
849828,84276,
5254047,NA,
5880806,NA,
806303,89622,
5254061,NA,
889871,86791,
889114,90704,
960541,130946,
925850,88190,
3473150,NA,
960657,131035,
886553,83989,
762142,83988,
964033,197657,
3666991,276946,
2156523,87529,
3964451,NA,
889102,86671,
2245066,NA,
2156431,NA,
889163,89956,
889276,86144,
806264,87184,
3473088,NA,
3473106,NA,
5254011,NA,
5880883,NA,
6047532,NA,
4614294,NA,
806263,86263,
4614269,NA,
849921,88732,
5880697,NA,
4614362,NA,
4614343,NA,
889187,90508,
3667032,276996,
921272,83516,
762234,86855,
2156498,83869,
1450217,85719,
806275,84138,
886559,87529,
2156409,85282,
762289,87533,
889238,87247,
5427861,492263,
2771332,253122,
2156510,83987,
762178,88888,
806276,84177,
889166,86143,
964109,197788,
889275,86143,
806252,90131,
4614383,NA,
3473089,NA,
5254016,NA,
806214,84883,
4614323,NA,
849847,89445,
889117,84297,
889262,87847,
3473011,NA,
960518,130919,
925861,88521,
5880784,NA,
1450264,85302,
2775142,113738,
4614288,NA,
762250,85722,
889085,84764,
959754,113700,
762311,86514,
762200,88867,
3473093,NA,
849781,86325,
3473069,NA,
5253936,NA,
849859,83555,
806253,90564,
889105,87800,
806129,84067,
889120,84875,
3473086,NA,
5254050,NA,
4614317,NA,
6009627,NA,
5880771,NA,
5880844,NA,
3667055,274435,
6377913,NA,
3473053,NA,
960780,131046,
806231,90621,
959766,113712,
960727,130978,
921233,87174,
7096013,NA,
921211,90210,
921323,84137,
960679,130759,
921241,89744,
762162,85291,
7407189,114525,
2244946,NA,
964036,197660,
849954,89996,
889216,87800,
5769964,NA,
4614350,NA,
849843,88740,
806219,83586,
806206,88189,
5880722,NA,
762153,88890,
921191,85513,
4614305,NA,
806136,86255,
806142,88934,
889280,84330,
5880789,NA,
3473082,NA,
5253979,NA,
889273,90026,
806272,89536,
4947892,NA,
889143,84434,
5880765,NA,
5254007,NA,
5880751,NA,
5253925,NA,
2978702,113722,
2771334,253125,
921326,85103,
849826,83711,
889287,84754,
5253973,NA,
5880690,NA,
5880841,NA,
921238,89415,
2677929,86768,
2158387,113734,
959810,113767,
959723,113669,
762275,85298,
959746,113692,
762201,88870,
889125,86577,
886552,83982,
921307,87390,
3667041,277008,
5880905,NA,
4188992,184430,
889130,88367,
889154,87862,
4614409,NA,
5253995,NA,
4614414,NA,
964074,197702,
960675,130694,
849960,83554,
960714,130959,
5253965,NA,
6916311,NA,
5254029,NA,
3667063,276953,
960754,131014,
959743,113689,
5254056,NA,
960692,130928,
921255,88356,
960726,130977,
4566669,NA,
849800,90057,
921248,90583,
5172624,481785,
5880692,NA,
960643,131054,
2156463,87528,
849912,86260,
1450289,88868,
5953424,NA,
806290,87032,
3667111,276996,
3473034,NA,
849958,90770,
849775,84332,
2156509,83982,
3473100,NA,
889274,86134,
5254063,NA,
762253,86510,
806151,84500,
6401264,NA,
5253971,NA,
806147,90564,
806143,89363,
5880849,NA,
4614279,NA,
5880745,NA,
964084,197724,
921212,90453,
921347,89744,
2978685,113702,
3666984,276950,
762279,85715,
2771333,253124,
2156479,85295,
762203,88889,
960551,130960,
762229,85719,
960630,130939,
2156533,88889,
889134,90340,
2156414,83872,
849882,86062,
849841,87841,
889206,88524,
5253993,NA,
3473091,NA,
849833,84860,
849907,84439,
964214,197682,
2771503,253322,
2156480,85301,
889141,84118,
6769301,NA,
5254052,NA,
806130,84367,
4614297,NA,
960687,130923,
2244966,NA,
5253948,NA,
5254045,NA,
4614289,NA,
4614363,NA,
4614348,NA,
4614403,NA,
5880797,NA,
5880839,NA,
960784,131050,
960579,130994,
921351,90220,
849799,89623,
5571584,NA,
762196,87545,
2156443,88415,
960777,131043,
5253923,NA,
964087,197730,
964076,197706,
849784,87335,
5253992,NA,
5049667,NA,
960575,130990,
762115,88650,
964085,197725,
6009629,NA,
849855,90580,
806200,83832,
5253960,NA,
886560,83960,
849858,83554,
4779947,NA,
849820,89029,
3473038,NA,
849798,89408,
806167,90162,
4916941,NA,
889139,83714,
5880895,NA,
4614311,NA,
960546,130955,
921237,89345,
806300,89416,
5253930,NA,
921321,84018,
6329689,NA,
3667023,276982,
921354,90583,
5254024,NA,
921259,NA,
1450267,85715,
2978708,113729,
1450238,85722,
762204,88891,
806114,83586,
964083,197720,
921188,84080,
849892,84292,
1450315,88886,
2156531,88870,
3473076,NA,
960671,130690,
4614405,NA,
4614306,NA,
5253964,NA,
925833,87324,
762295,88864,
5878679,NA,
806162,88486,
6177489,NA,
5253990,NA,
2156429,89910,
889264,88001,
3473063,NA,
3473085,NA,
964184,197643,
806174,84977,
964025,197647,
5880695,NA,
849832,84549,
806157,86263,
5880744,NA,
849951,89646,
806135,85865,
2156428,89035,
925842,87034,
964203,197669,
964147,197810,
3666972,274436,
5253924,NA,
2156446,83959,
849916,86978,
3473140,NA,
889237,87158,
959751,113697,
6680767,NA,
2771564,253384,
1450288,88865,
6622149,NA,
762169,86856,
889113,89969,
5427863,492281,
4614389,NA,
959767,113713,
806254,83748,
849808,85782,
806232,83544,
4614400,NA,
960613,131036,
5880772,NA,
5880903,NA,
2771458,253386,
5880775,NA,
5253988,NA,
6058725,NA,
5254048,NA,
921243,89960,
4614349,NA,
3102598,NA,
1450226,83865,
2156442,86757,
762284,86519,
2156500,83884,
889263,87862,
889185,85876,
889081,83622,
762121,83867,
3473148,NA,
4614273,NA,
849805,84439,
889126,87158,
762174,87542,
806168,90599,
959717,113663,
5253949,NA,
2156423,NA,
849908,84849,
889118,84336,
921185,90562,
4614425,NA,
4614276,NA,
3473075,NA,
964021,197643,
889202,86656,
4614301,NA,
806210,88236,
5254030,NA,
960765,131028,
960760,131023,
5880834,NA,
762233,86515,
3667038,277004,
959781,113727,
959713,113659,
2156416,84140,
964100,197775,
806234,84067,
762151,87550,
964070,197696,
1450301,86867,
3473135,NA,
889218,88656,
960577,130992,
889165,86134,
2156413,89896,
960525,130928,
3473114,NA,
5253950,NA,
806186,87219,
5254049,NA,
6377914,NA,
762155,83871,
806295,88003,
4614368,NA,
889277,87601,
762111,86870,
6377909,NA,
925853,88191,
6177497,NA,
921281,86618,
2368691,85444,
4614420,NA,
889138,83633,
3666989,274457,
3473012,NA,
5705710,NA,
889167,86144,
5880845,NA,
849928,83711,
4614285,NA,
4107249,NA,
960554,130963,
762232,86513,
2156518,86857,
889194,84760,
2511631,123445,
964031,197653,
2156422,86870,
964055,197679,
849883,86325,
2156418,85300,
964197,197662,
849897,87769,
849786,88135,
889870,84434,
960522,130925,
889136,90617,
964097,197771,
889083,84760,
5254028,NA,
5880813,NA,
4614367,NA,
5880882,NA,
959768,113714,
3473024,NA,
3667076,274457,
3473128,NA,
5253968,NA,
849848,89546,
5253944,NA,
5253998,NA,
762110,85839,
960570,130983,
4614381,NA,
7445176,NA,
806271,89307,
806285,86182,
5254060,NA,
3473043,NA,
6675551,NA,
925830,87323,
960753,131013,
921322,84075,
3666995,276963,
2156519,86859,
762164,85295,
762188,85306,
4614376,NA,
964132,197776,
889191,87400,
889231,84875,
2156412,87789,
964040,197664,
5427855,492261,
806207,88205,
889266,88053,
849896,87371,
3473111,NA,
806311,85583,
849886,87335,
806269,88495,
762163,85292,
925836,90002,
849825,83710,
2156528,87547,
4614365,NA,
4614399,NA,
921273,83770,
806301,89458,
2431646,NA,
806313,88189,
806319,88400,
964204,197670,
959750,113696,
959808,113765,
960713,130958,
921230,86926,
849918,87372,
806184,87032,
2677906,84677,
925828,88099,
4614296,NA,
964180,197845,
964157,197824,
2156444,90503,
806198,90444,
849780,86062,
4614415,NA,
3179765,NA,
5878770,NA,
5253931,NA,
3473080,NA,
806137,86620,
964238,197724,
806195,89552,
960617,131040,
806267,87960,
806158,87184,
5253060,NA,
806187,87322,
762262,88879,
3473017,NA,
4917000,NA,
3667000,276981,
889172,87664,
4614370,NA,
806132,85388,
5253967,NA,
2978704,113724,
964053,197677,
4614333,NA,
921242,89934,
762118,89910,
3667081,276966,
806225,87774,
921246,90399,
2978682,113698,
4442139,NA,
5254051,NA,
4614388,NA,
2156485,86856,
959816,113772,
889101,86657,
2156484,85309,
964027,197649,
6011483,NA,
2156506,86854,
762098,85282,
4614319,NA,
889153,87847,
889265,88023,
959775,113721,
4614374,NA,
849940,87279,
806163,88495,
3473121,NA,
5254009,NA,
921203,NA,
5122322,NA,
2481134,85995,
5254002,NA,
3473014,NA,
964185,197644,
849813,86932,
3472998,NA,
806235,84367,
849929,83783,
886679,90163,
4614336,NA,
5880743,NA,
762245,85286,
806270,89257,
960603,131024,
5880892,NA,
964082,197717,
960509,130758,
925831,83833,
960716,130961,
849932,84304,
5880688,NA,
921204,88465,
3512197,NA,
2368835,113735,
762320,85430,
886565,88865,
964056,197680,
762152,88795,
2156497,83862,
964202,197668,
762251,85723,
762321,90017,
849822,89532,
964194,197657,
889242,88508,
762099,86849,
889084,84762,
3473151,NA,
889219,88671,
5880790,NA,
806218,83509,
2771403,253269,
5254014,NA,
5254019,NA,
806166,89536,
3473101,NA,
960530,130933,
806321,84883,
921274,84066,
4614298,NA,
3667100,276975,
2244945,NA,
921353,90544,
849903,83781,
964054,197678,
2381920,85455,
4614385,NA,
921210,90208,
4558014,NA,
921320,83716,
7671869,NA,
959801,113757,
2156507,83980,
2156524,87532,
806189,88095,
886669,90163,
964123,197741,
964210,197677,
889159,88108,
849816,87372,
849919,87373,
2771457,253385,
889259,87178,
806159,87391,
806236,85362,
2156504,83972,
849876,83719,
806260,85012,
3667028,276991,
6666561,NA,
960543,130950,
889086,84767,
849840,87482,
5880820,NA,
2978665,113673,
959782,113728,
3473078,NA,
3473056,NA,
2771396,253258,
889148,86791,
921337,86936,
5880815,NA,
964073,197700,
4614392,NA,
5253974,NA,
960661,131060,
964067,197692,
921213,90706,
959758,113704,
1450253,88883,
964126,197813,
849874,90603,
6011514,NA,
762301,84181,
806179,86182,
959715,113661,
806183,86705,
2156537,84182,
2771247,253322,
806197,90000,
5880899,NA,
806175,85349,
2156438,85435,
849887,87452,
2978663,113667,
849955,90413,
5880736,NA,
4614281,NA,
3666985,276951,
762293,87544,
960506,130694,
4614265,NA,
806228,88517,
3667020,276975,
925843,88520,
3473015,NA,
925827,90001,
960639,131034,
806216,86132,
964154,197822,
3666994,276960,
2156411,87524,
762258,86853,
4614407,NA,
964222,197693,
849880,85153,
3473040,NA,
964069,197694,
3473001,NA,
762132,88415,
5254033,NA,
849878,84486,
959804,113760,
964022,197644,
5880758,NA,
3473081,NA,
2390419,NA,
3473027,NA,
960636,130998,
5880809,NA,
806194,89458,
762186,83987,
4614318,NA,
849809,85793,
964032,197654,
2978695,113714,
5254034,NA,
889174,84687,
889283,84687,
921352,90399,
889175,87360,
921208,89306,
2425559,113663,
806165,89307,
960745,131002,
921284,87261,
806223,86115,
2978680,113696,
4614361,NA,
4442138,NA,
2414193,85872,
849931,84303,
960738,130992,
4652253,NA,
5253928,NA,
2775141,113738,
1450230,83984,
762175,87546,
964208,197674,
849885,87271,
964124,197809,
1450218,85725,
4614411,NA,
964151,197818,
849793,87244,
889150,87178,
960556,130967,
889097,90383,
849873,90384,
921355,90609,
7408691,NA,
2771140,253269,
960697,130933,
806154,85012,
2775135,113733,
921296,84748,
4614375,NA,
762105,84140,
5253062,NA,
806279,84552,
3473044,NA,
806266,87466,
889260,87329,
3473102,NA,
5880873,NA,
5253059,NA,
921214,83716,
959759,113705,
4614300,NA,
4442137,276946,
925835,87205,
959785,113731,
806245,87293,
960781,131047,
4734657,NA,
4614313,NA,
4614379,NA,
849865,89569,
960564,130977,
5427856,492269,
921339,87174,
5253996,NA,
5880747,NA,
2978662,113665,
6142466,NA,
2156491,87546,
959814,113748,
886558,86869,
1450319,90017,
964062,197686,
4614397,NA,
889215,87426,
889152,87812,
1450314,88790,
806144,89616,
806190,88926,
2156432,83867,
806278,84358,
889137,83562,
6058726,NA,
889241,88367,
964037,197661,
960708,130950,
889210,83803,
886547,83869,
889278,88386,
4614364,NA,
964230,197709,
2978664,113672,
849891,83798,
959795,113751,
849894,86236,
806146,90131,
2156522,86871,
889236,86577,
806152,84750,
960611,131032,
849834,85401,
4614408,NA,
921289,90212,
964233,197712,
889230,84406,
3667054,274434,
806193,89416,
1450212,85708,
762248,85713,
1450291,88872,
762149,87528,
964160,197827,
964162,197829,
3473146,NA,
849949,89445,
964138,197789,
889244,89102,
4614418,NA,
3472997,NA,
889198,85529,
5056057,88386,
2771248,253323,
806293,NA,
3473139,NA,
762261,88877,
889099,83803,
964045,197669,
5254038,NA,
4614326,NA,
964023,197645,
3473041,NA,
849910,85782,
921225,86267,
4614347,NA,
964237,197720,
6303284,NA,
4614278,NA,
889228,84297,
762283,86518,
921350,90039,
2245035,NA,
960704,130943,
3473025,NA,
960609,131030,
1450305,NA,
3667106,276989,
964227,197700,
806199,90637,
960771,131037,
762305,87553,
959738,113684,
886542,86848,
762222,88866,
3473022,NA,
2156425,87994,
3667037,277001,
3168874,NA,
4175616,NA,
762195,87543,
2156436,88873,
964072,197699,
964050,197674,
5254027,NA,
959773,113719,
849943,87841,
5921287,NA,
960629,130921,
7211571,NA,
889112,89084,
849854,90437,
806248,88934,
849895,87244,
806115,83685,
762306,88717,
2677912,88424,
4614391,NA,
3473048,NA,
5254005,NA,
806224,86367,
3667017,276971,
4614394,NA,
3667065,276948,
2431337,113700,
2358237,NA,
925854,88393,
5253987,NA,
4614393,NA,
1450222,86855,
960744,131001,
960702,130941,
960748,131005,
921240,89657,
964206,197672,
849863,86730,
5880902,NA,
886570,88861,
806310,85472,
849942,87482,
889239,87989,
806296,88095,
806161,87960,
5253946,NA,
4614355,NA,
2775134,113733,
960618,131041,
4614312,NA,
4614283,NA,
889132,89018,
2978687,113705,
5254041,NA,
2245036,NA,
5254020,NA,
964219,197689,
960538,130943,
960529,130932,
5254058,NA,
964041,197665,
964213,197681,
921312,89086,
960605,131026,
960654,130999,
959718,113664,
3473049,NA,
960696,130932,
921186,90598,
3667021,276978,
960563,130976,
921250,90748,
964066,197691,
1450284,87540,
1450299,85711,
960542,130947,
1450215,83876,
964098,197772,
964110,197790,
762150,87538,
2156410,86849,
964118,197801,
964102,197777,
3473083,NA,
762102,89896,
3473023,NA,
889082,84456,
4614419,NA,
849899,88684,
964131,197774,
889208,90383,
4928114,NA,
2414192,85436,
5427862,492257,
3473007,NA,
3951774,NA,
4614371,NA,
5879672,NA,
889129,88044,
4614332,NA,
921291,90562,
762191,86865,
849946,89038,
889111,88849,
5880894,NA,
849937,85974,
921172,86207,
806133,85419,
960711,130956,
889256,86194,
5253938,NA,
960767,131030,
889233,85788,
2245050,NA,
806123,88517,
921201,87390,
960764,131027,
921223,86228,
959770,113716,
960619,131042,
921194,85941,
960719,130967,
921280,86457,
2978666,113674,
1450276,86519,
4614325,NA,
921287,88363,
964107,197784,
960520,130923,
925855,87578,
964137,197787,
889155,88001,
4614329,NA,
4614295,NA,
889204,87872,
849927,83710,
806249,89363,
806139,87293,
964035,197659,
3473046,NA,
889243,89018,
806211,88392,
2245022,NA,
5253952,NA,
762265,88883,
3473113,NA,
964231,197706,
4614413,NA,
5880760,NA,
889124,86154,
849898,88543,
806171,84279,
2978678,113693,
960723,130974,
6377910,NA,
921315,89943,
960758,131021,
921331,86267,
959728,113674,
960568,130981,
960532,130935,
886567,83859,
5253994,NA,
960706,130945,
3473009,NA,
960647,130922,
964059,197683,
3667058,276945,
3667015,276965,
806160,87466,
960680,130760,
921198,86843,
959733,113679,
889248,83562,
889169,88386,
5880822,NA,
762268,83870,
762189,86858,
964175,197841,
2156493,87551,
889189,88421,
5253933,NA,
6680768,NA,
886544,85296,
960574,130989,
762143,85288,
5253978,NA,
2996133,NA,
960626,131049,
806172,84358,
889255,85352,
849957,90580,
3473018,NA,
2978706,113726,
1450279,86866,
921193,85864,
5880846,NA,
921162,88315,
960728,130979,
960599,131020,
806148,83748,
889224,89969,
960688,130924,
762271,83883,
960503,130691,
960669,130688,
6657497,NA,
960510,130759,
960622,131045,
960602,131023,
806119,86367,
960517,130918,
5253941,NA,
3667036,274470,
959737,113683,
889094,88036,
3473087,NA,
889286,84629,
3473042,NA,
762264,88882,
762161,83970,
1450223,88875,
889135,90576,
762141,83983,
4614373,NA,
5880732,NA,
849952,89866,
889178,84754,
849938,86315,
762205,NA,
960729,130980,
806244,86695,
806173,84552,
849945,88740,
921220,85103,
960585,131002,
960498,130686,
921297,85513,
3880844,NA,
921187,83570,
921164,89751,
762322,90476,
921306,87239,
3666988,276959,
5606577,NA,
806208,88217,
964182,197847,
3473115,NA,
849901,89623,
806292,87219,
806247,88022,
762147,87525,
4614351,NA,
959742,113688,
2156538,87543,
889257,86388,
762172,87537,
964196,197661,
849941,87280,
762106,84157,
2156453,83974,
921228,86496,
3473122,NA,
1450310,87251,
806205,87576,
5253932,NA,
762299,88887,
960545,130954,
4614293,NA,
3473068,NA,
921298,85844,
2978691,113709,
921299,85864,
921282,86651,
921314,89306,
921232,87131,
5254053,NA,
960735,130989,
960762,131025,
3667048,NA,
806299,89332,
960715,130960,
806233,83618,
1450236,85713,
1450297,85299,
4614270,NA,
2156448,86848,
806117,85992,
2156483,85311,
1450221,86515,
849827,83783,
921348,89934,
964060,197684,
3473031,NA,
806308,84426,
960513,130762,
849963,84781,
2775138,113734,
889226,83472,
5253962,NA,
964225,197697,
960624,131047,
889146,86194,
4614416,NA,
925848,88218,
2414198,90504,
1450231,83986,
4652248,NA,
960695,130931,
3669778,271515,
3667005,277002,
960627,131050,
2771456,253384,
762170,86863,
762309,84322,
960604,131025,
762160,83969,
960511,130760,
4127261,NA,
960725,130976,
762209,83973,
2156508,83981,
762235,88875,
1450300,86503,
960646,131056,
1450204,86506,
964129,197819,
964207,197673,
2156496,88888,
762221,88800,
964183,197848,
2156477,85292,
4614334,NA,
849779,85370,
849774,83719,
806222,85992,
4614344,NA,
889106,88635,
889107,88656,
1450316,88892,
3473127,NA,
806283,85960,
4175615,NA,
3667094,277016,
889147,86388,
886675,90107,
3667092,277012,
5254023,NA,
2245567,113715,
806227,88473,
5253956,NA,
3667035,277000,
921278,86207,
960731,130982,
960717,130962,
2771057,253124,
960635,130985,
762243,83986,
921362,88593,
4652255,NA,
960502,130690,
806315,88217,
806124,89192,
960640,131051,
921205,88687,
7566546,NA,
762190,86859,
762215,86505,
964143,197803,
964078,197711,
2156495,86851,
4614410,NA,
960755,131015,
960562,130975,
2156515,85303,
849795,87769,
2156469,83871,
889284,87360,
959735,113681,
5253935,NA,
5254018,NA,
921175,86618,
4196348,184427,
806188,87953,
806242,86255,
4614337,NA,
806251,90106,
4652254,NA,
960581,130996,
960524,130927,
959722,113667,
4614384,NA,
3473057,NA,
960501,130689,
960593,131012,
3473149,NA,
960651,130965,
964057,197681,
5253984,NA,
960504,130692,
806181,86377,
959716,113662,
960766,131029,
806250,89616,
1450364,85712,
762224,85708,
2156502,83885,
3667043,277011,
959813,113770,
762298,88885,
889188,86765,
921179,87454,
960645,130766,
806323,88003,
4928507,NA,
921155,84467,
849950,89546,
960658,131057,
2381909,85872,
4614263,NA,
921356,90748,
959774,113720,
5253966,NA,
5253957,NA,
5880783,NA,
921300,85941,
960526,130929,
960773,131039,
3473132,NA,
886546,87551,
806317,88236,
921277,85372,
2156459,86852,
2414195,88416,
921177,86665,
849811,86604,
1450283,87536,
2156516,85306,
849782,86971,
849905,84126,
3473008,NA,
3473000,NA,
964145,197744,
1450200,85710,
3473066,NA,
2156426,88650,
889164,90026,
2156465,87550,
1450269,85720,
2156478,85294,
2156437,90029,
5254012,NA,
3473145,NA,
849818,87820,
849944,88162,
3667083,276972,
806274,90599,
849776,84486,
4614423,NA,
806294,87953,
886670,83545,
3667108,276992,
960583,131000,
964209,197676,
960763,131026,
921202,87977,
806170,84177,
964188,197647,
849961,83555,
5254062,NA,
964186,197645,
4614315,NA,
762260,87526,
1450303,88717,
2156433,85213,
3666996,276966,
849930,84276,
849948,89399,
2156512,85284,
3473059,NA,
964217,197685,
889205,88036,
762114,87994,
849838,87279,
762182,83885,
849906,84333,
889104,87426,
849783,87271,
3473120,NA,
806140,87987,
889212,86657,
921226,86318,
921245,90220,
806289,86705,
964119,197802,
849933,84323,
960681,130761,
921302,86238,
960552,130961,
960662,131061,
806288,86498,
3667059,274436,
806259,84877,
964232,197711,
762120,NA,
806178,86173,
4916996,NA,
3473029,NA,
1450307,84322,
964039,197663,
849836,86315,
4614314,NA,
806155,85482,
959760,113706,
889222,88849,
2978667,113677,
806309,85259,
849830,84304,
964193,197654,
960591,131010,
2771131,253258,
806237,85388,
5253926,NA,
921318,90453,
921313,89240,
762193,87532,
960634,130969,
889190,85440,
921218,84325,
762126,90029,
2674706,113727,
2156420,85305,
5254001,NA,
2156457,85288,
1450320,90476,
964190,197650,
806138,86695,
889217,88635,
960757,131020,
4614402,NA,
2156489,87539,
889144,85137,
3667011,277019,
921249,90609,
806322,88548,
3473125,NA,
960741,130995,
806125,89317,
960595,131014,
3473107,NA,
964048,197672,
2431964,NA,
2978671,113681,
960674,130693,
3473020,NA,
3667072,276951,
849956,90437,
762257,86850,
762097,87552,
762137,83978,
964152,197820,
889186,85461,
2156535,NA,
849831,84323,
889116,84091,
960779,131045,
886548,83964,
889253,84433,
889173,88812,
2418128,NA,
964121,197805,
762223,83858,
806281,85349,
960557,130968,
2381923,86758,
964223,197694,
886563,86512,
3669780,270714,
960705,130944,
960565,130978,
3667110,276995,
762270,83878,
921301,86014,
921236,89331,
1450272,86509,
762199,88863,
889213,86671,
1450266,85714,
5254022,NA,
3473016,NA,
2156513,85285,
849953,89932,
2156487,86868,
921181,88363,
849893,85842,
964221,197692,
960751,131011,
3473010,NA,
3473047,NA,
959811,113768,
3667060,274438,
964158,197825,
2978669,113679,
964169,197835,
921209,89943,
4614286,NA,
959793,113749,
3667112,276997,
3667090,277003,
4614377,NA,
964093,197766,
886562,85721,
762263,88880,
849881,85370,
964165,197832,
964189,197649,
1450209,88800,
4614341,NA,
5253969,NA,
849817,87373,
1450251,88880,
921343,89345,
889121,85364,
964235,197716,
886564,86517,
2156458,85308,
762313,87268,
2677927,90512,
849850,89866,
921221,85404,
959763,113709,
1450242,86511,
959809,113766,
960600,131021,
2978690,113708,
5880893,NA,
4614354,NA,
2156532,88884,
2156475,83970,
2336219,NA,
2156467,88890,
2156408,87552,
2156490,87542,
2978697,113717,
849884,86971,
849902,90057,
964099,197773,
3667030,276994,
960610,131031,
925860,85998,
960644,131055,
762225,86502,
762124,87679,
921344,89415,
959725,113671,
960703,130942,
921219,84976,
960628,130765,
964226,197699,
3667064,277791,
959783,113729,
5254008,NA,
762168,85309,
2156526,87545,
960632,130952,
889258,87038,
3473095,NA,
889203,86670,
886549,83972,
964079,197712,
806273,90162,
762103,83872,
5253972,NA,
5253942,NA,
2156481,85296,
889151,87329,
3473110,NA,
964114,197794,
806202,85259,
806134,85594,
1450239,85723,
1450233,85286,
921359,86708,
806201,84426,
806196,89622,
1450293,88887,
3666981,274453,
3473144,NA,
5254055,NA,
2425733,NA,
762272,83886,
762131,86757,
849911,85793,
889281,87664,
960576,130991,
3666987,276957,
3666974,274439,
2156473,85290,
849864,87088,
889192,83622,
4614267,NA,
964061,197685,
849852,89996,
889234,85820,
960523,130926,
806126,90621,
889123,85820,
849947,89196,
2418136,NA,
3473062,NA,
959764,113710,
960625,131048,
3365526,87350,
3473050,NA,
964104,197779,
4614380,NA,
5253985,NA,
3667086,276984,
806177,85960,
3473098,NA,
3473134,NA,
959786,113732,
959806,113762,
762254,86511,
2156435,87679,
886676,86918,
3473019,NA,
3473141,NA,
806287,86377,
4614331,NA,
3473036,NA,
806169,84138,
959721,113668,
4614404,NA,
889201,86450,
849909,85752,
806258,84750,
849785,87452,
959817,113773,
3473037,NA,
964191,197652,
889158,88082,
762266,83863,
960590,131009,
849889,89154,
960642,131053,
849964,86290,
960514,130763,
806229,89192,
2978686,113703,
849777,84571,
960686,130919,
806121,87794,
3473112,NA,
964141,197797,
889096,88634,
762187,85284,
964092,197765,
959740,113686,
762241,83976,
960612,131033,
886569,86503,
806149,83923,
889279,88591,
960623,131046,
4614308,NA,
921167,83770,
1450227,83882,
849861,84781,
921262,84467,
889220,88676,
964080,197714,
762171,86868,
2156455,83983,
2156486,86863,
964034,197658,
2156421,85839,
964090,197738,
889211,83907,
762206,84182,
2156492,88878,
886561,85717,
921165,89923,
960710,130955,
886672,84878,
3473061,NA,
2978675,113689,
964229,197704,
921161,88949,
806291,87204,
964172,197838,
964167,197762,
849872,88679,
964205,197671,
3473006,NA,
964095,197768,
3473065,NA,
762297,88871,
4614417,NA,
3667102,277788,
3473064,NA,
964215,197683,
4614290,NA,
806122,88473,
6125412,NA,
964218,197687,
3667098,276973,
849824,89875,
960648,130940,
964228,197702,
762238,83865,
849853,90413,
849802,83782,
2156474,83969,
889115,83472,
959730,113676,
762128,85454,
889160,88298,
886543,87523,
806192,89332,
964091,197764,
964192,197653,
889271,89649,
1450219,86504,
2432214,113685,
1450296,84181,
762296,88868,
964234,197714,
959815,113771,
806182,86498,
3472999,NA,
849934,84549,
4614352,NA,
1450317,90386,
889156,88023,
849819,88732,
960515,130764,
921239,89428,
964111,197792,
1450312,87549,
762314,87549,
2244965,NA,
889095,88524,
1450197,83861,
762197,87541,
849869,87782,
762125,88873,
849920,87820,
964127,197815,
4614307,NA,
3401929,NA,
964105,197781,
762228,83962,
4614268,NA,
3667052,277026,
2358209,NA,
3512256,NA,
806120,87774,
2336218,NA,
960547,130956,
762302,85299,
960730,130981,
960656,131018,
1450298,85709,
2156451,83978,
2156534,88891,
964144,197806,
762179,83862,
1450206,87530,
964195,197659,
806145,90106,
849778,85153,
886671,83924,
2156476,85291,
3473147,NA,
2156529,88863,
959726,113672,
3473035,NA,
964150,197816,
2775146,113736,
806226,87794,
964156,197745,
960707,130946,
886541,85281,
1450252,88882,
889131,88508,
921207,89240,
959787,113742,
921190,84748,
889196,84764,
959799,113755,
964028,197650,
959714,113660,
960544,130951,
2253083,NA,
3473060,NA,
762226,88860,
964178,197763,
849871,88674,
964101,197739,
921263,84698,
3473142,NA,
964161,197828,
959818,113764,
849815,87272,
889195,84762,
925838,88100,
1450245,86850,
960663,131062,
964236,197717,
4614272,NA,
964149,197814,
964113,197793,
964159,197826,
964179,197844,
1450273,86512,
762176,88878,
3473028,NA,
964216,197684,
886677,85995,
762287,86866,
1450214,88860,
2156434,87527,
1450244,86520,
3473130,NA,
762288,86872,
3473026,NA,
1450275,86518,
889183,87427,
960778,131044,
964112,197740,
2156427,88869,
762113,87554,
1450249,88877,
762135,83959,
762192,86871,
2156536,83960,
806116,84346,
959739,113685,
959765,113711,
889090,86450,
2867112,113666,
762154,83868,
960650,130953,
964117,197799,
1450309,86514,
2414194,86758,
964166,197833,
2156482,85310,
1450285,87548,
762148,85287,
2156454,83979,
3473055,NA,
3666979,274445,
2156514,85293,
2368843,113739,
889149,87038,
3473073,NA,
1450318,85430,
3667012,277023,
1450235,85297,
3667051,277025,
921182,89316,
849888,88135,
921158,87899,
762119,88781,
964115,197796,
886545,85311,
889179,84465,
964135,197782,
3473133,NA,
959734,113680,
1431243,85455,
3667049,277020,
964153,197821,
3666986,276955,
960589,131006,
921157,84698,
889108,88671,
959794,113750,
889268,88108,
3473129,NA,
2156462,85287,
889207,88634,
964220,197691,
964086,197726,
964094,197767,
964201,197667,
889091,86656,
806141,88022,
960756,131019,
5253945,NA,
3473126,NA,
849868,87346,
762300,83977,
2414196,88416,
964026,197648,
889272,89956,
964108,197786,
1450302,87553,
2156449,87523,
2156407,83875,
3473143,NA,
849900,89408,
921159,84699,
964198,197663,
3666968,274465,
3473109,NA,
921328,85759,
1450262,83965,
3473099,NA,
964163,197830,
889209,83452,
2156417,84157,
964103,197778,
1450263,85298,
889089,86401,
964096,197769,
886554,85285,
889199,86002,
964181,197846,
964142,197800,
960772,131038,
1450265,85304,
960587,131004,
959789,113744,
889088,86002,
1450290,88871,
849787,89154,
889100,83907,
2156527,87541,
806282,85732,
3667099,276974,
2156471,83963,
762145,86852,
1450205,86861,
1450208,88777,
1450254,83863,
960718,130966,
964122,197807,
921269,89680,
1450292,88885,
849875,85921,
921169,84337,
2418320,NA,
886673,85420,
1450308,85578,
849788,90466,
2156460,86862,
762273,83961,
1450210,88866,
889267,88082,
964038,197662,
886678,86917,
964136,197785,
3473103,NA,
1450228,83968,
762280,85720,
762259,86864,
762108,88773,
762183,83971,
3473005,NA,
4614372,NA,
2156488,87537,
1450311,87268,
964120,197804,
2156439,85454,
2156440,85871,
964177,197843,
3473032,NA,
964044,197668,
964170,197836,
1450202,85724,
2156430,88781,
889180,87410,
762136,89897,
4614274,NA,
886674,87294,
762173,87539,
1450199,85307,
921163,89680,
762130,88788,
2156505,83975,
889181,87451,
1450313,88779,
849184,86851,
1450241,86510,
762286,86860,
964164,197831,
886556,85303,
3667061,274439,
964125,197811,
762227,83876,
960638,131017,
1450248,87526,
2156441,88788,
2156419,88773,
849789,83798,
2156450,89897,
959736,113682,
889092,86670,
964130,197770,
889087,85529,
1450256,83870,
762246,85289,
3666975,274467,
762220,88777,
2156456,83988,
762214,85724,
964088,197732,
1450268,85717,
3473003,NA,
3168875,NA,
959792,113747,
964168,197834,
1450282,87534,
762144,85308,
1450203,86505,
964106,197783,
3667068,274453,
964116,197798,
762237,83864,
2396693,177113,
964171,197837,
964128,197817,
3667044,277013,
4614360,NA,
889200,86401,
762216,86506,
762230,85725,
1450259,83883,
849866,85929,
959724,113670,
960665,131064,
1450201,85718,
806217,86133,
921325,84976,
3473002,NA,
1450225,83864,
1450216,83962,
959791,113746,
806320,89718,
3666967,274435,
889184,88111,
4614271,NA,
849879,84571,
2156466,88795,
960652,130970,
964089,197728,
960641,131052,
964174,197840,
3473097,NA,
762212,85712,
2156468,83868,
964051,197675,
964043,197667,
889093,87872,
849870,88659,
762159,85290,
964173,197839,
762244,85283,
1450278,86860,
762213,85718,
964146,197808,
3667045,277014,
964176,197842,
762211,85710,
1450207,87531,
2156447,85281,
964133,197780,
1450237,85716,
762219,87531,
964068,197693,
964140,197795,
2156517,86858,
2156499,83877,
964155,197823,
762184,86854,
2156445,88874,
762210,85307,
964064,197688,
1450213,86502,
762134,88874,
762096,83875,
964139,197791,
889182,86003,
964029,197651,
