PCID,TCGID,
850135,83807,
6636088,NA,
961747,165742,
961886,165743,
955476,88806,
961910,165789,
955630,98710,
2512976,246790,
5811213,NA,
4081652,NA,
957927,91217,
6865016,NA,
955429,NA,
958145,92229,
4954844,NA,
2512952,246766,
957992,92178,
4134583,NA,
6469364,NA,
957919,91207,
960047,117855,
4894334,NA,
2158339,NA,
959896,117799,
959991,117772,
7599146,NA,
958188,92282,
959945,117861,
7096060,NA,
959901,117804,
7557915,NA,
2513106,246871,
842523,89635,
955542,NA,
959881,117786,
4081655,NA,
961679,165663,
842516,87635,
2512866,246897,
2677918,98675,
955499,85429,
958025,92219,
5810876,NA,
2771238,253309,
958078,92277,
959972,117887,
955607,87474,
955560,89725,
4695524,NA,
2513072,246844,
2771259,253106,
2771065,253136,
957891,91173,
957750,91136,
961693,165681,
955591,90429,
960016,117799,
2513057,246828,
5830336,NA,
2513120,246905,
2512930,246915,
955513,88842,
959918,117836,
2513136,246918,
2771099,253215,
2771323,253090,
961860,165704,
2512939,246853,
6857878,NA,
961671,165655,
2512897,246883,
2512890,246864,
960070,117877,
5864073,NA,
850150,87075,
959957,117872,
2513141,246850,
959887,117790,
2512959,246773,
955638,98715,
955462,90625,
7274568,NA,
959956,117871,
2266970,86991,
4895142,NA,
2513112,246884,
961858,165702,
961859,165703,
2771038,253079,
2775139,124105,
2513171,246785,
960311,124036,
850064,88239,
960023,117807,
961912,165777,
957765,91151,
955652,98709,
2512823,246826,
2512962,246776,
955445,87941,
6396935,NA,
961895,165759,
2771473,253338,
957889,91170,
960030,117814,
960453,124090,
2771442,253367,
850001,86025,
958032,92226,
957814,91204,
958127,92209,
961884,165741,
955632,NA,
955543,84719,
959963,117877,
2244958,NA,
2771162,253334,
2771194,253379,
957864,91141,
955564,89204,
960007,117790,
961835,165679,
2771168,253346,
958114,92196,
2771324,253092,
2771361,253199,
6916444,NA,
961847,165692,
2771130,253257,
2512911,246905,
959865,117771,
850120,87173,
959875,117780,
955625,98694,
959907,117810,
958155,92242,
957846,91236,
2771051,253113,
850070,87630,
3179774,NA,
2771404,253273,
4781303,477134,
2771118,253245,
2513125,246906,
4699110,NA,
842524,90477,
955604,90015,
2771338,253130,
960062,117870,
959916,117816,
959874,117779,
959938,117856,
850067,90426,
957785,91171,
955459,86355,
2512967,246782,
960316,124041,
2512955,246769,
5790481,NA,
959958,117873,
7407192,127180,
959948,117864,
959970,117886,
2771250,253089,
850183,88334,
959990,117771,
850127,88040,
5943765,NA,
2513058,246831,
2771487,253292,
7224807,127179,
5810881,NA,
955544,84714,
955488,86542,
959871,117514,
960063,117871,
957993,92179,
960031,117815,
958080,92280,
6870158,NA,
7211809,NA,
958058,92255,
2038368,126019,
2512974,246788,
960376,124101,
955486,88914,
2513078,246868,
2512901,246892,
955578,84965,
958029,92223,
957836,91226,
958162,92250,
957929,91219,
958062,92259,
6782121,NA,
2513080,246873,
958087,92287,
5861346,NA,
2771290,253166,
2512928,246914,
2266892,84064,
2512947,246874,
850062,88183,
959993,117774,
960050,117859,
2266873,87288,
960005,117788,
961889,165746,
2771164,253339,
2771096,253210,
2771089,253192,
961744,165737,
955520,87266,
5205641,NA,
955441,86793,
955569,85856,
960057,117866,
960025,117809,
959955,117870,
955447,84719,
2771381,253244,
2771232,253301,
961696,165684,
958056,92252,
4998301,NA,
2771093,253205,
957794,91180,
2771477,253347,
959868,117774,
959858,117764,
2771083,253185,
2771480,253353,
7599147,NA,
2771426,NA,
955473,85851,
955487,86537,
959859,117765,
5698750,NA,
957796,91182,
959908,117520,
2771255,253100,
2771129,253256,
961729,165718,
961715,165702,
960027,117518,
957884,91164,
961760,165759,
955555,85188,
960429,124060,
2771067,253140,
960011,117794,
5864060,NA,
2512931,246918,
2513087,246897,
5334240,NA,
955494,90429,
850088,85359,
2771122,253249,
955474,85852,
959986,117767,
958163,92252,
957899,91182,
958017,92209,
2771316,253077,
2583537,NA,
850015,88603,
955612,89974,
2513155,246766,
960058,117521,
2771496,253309,
960035,117838,
955496,85425,
958086,92286,
957804,91194,
957812,91202,
2771453,253381,
2771463,253391,
957990,92176,
958064,92261,
958150,92236,
2771193,253378,
2771449,253377,
958119,92201,
957866,91143,
960354,124079,
2266980,88491,
2771367,253211,
958130,92212,
5334235,NA,
2771257,253103,
2771191,253376,
887914,90379,
955442,84725,
2513131,246912,
959925,117843,
955469,85845,
2771431,253350,
2771205,253393,
6740987,NA,
958129,92211,
960071,117879,
850073,84350,
2513081,246876,
961709,165697,
2771358,253190,
2771336,253128,
850003,86411,
959909,117518,
955623,98684,
957819,91209,
5878916,NA,
4765126,NA,
959864,117770,
957875,91155,
6908417,NA,
2771225,253358,
958135,92219,
2771341,253136,
957861,91138,
960365,124090,
2512854,246865,
2513105,246866,
955576,85705,
2513045,NA,
955558,89903,
2771060,253128,
2513028,246752,
2771128,253255,
2771145,253282,
2512816,246820,
960076,117883,
961775,165786,
959898,117801,
961900,165764,
2771368,253212,
959862,117768,
960009,117792,
2771111,253236,
850181,89636,
849994,87102,
955593,85425,
2513129,246910,
955538,84725,
2266936,86374,
2266907,87290,
960066,117874,
959890,117793,
959962,117878,
960060,117868,
2771483,253358,
961678,165662,
957771,91157,
961718,165705,
850047,89327,
850069,89712,
957833,91223,
7415733,NA,
960073,117880,
850012,88040,
6347813,NA,
2266958,84548,
7629539,NA,
960019,117802,
2771346,253175,
850029,84861,
960010,117793,
959919,117837,
958042,92236,
961673,165657,
957923,91211,
955567,85845,
960402,124027,
955482,85336,
955497,85426,
960004,117787,
4636553,NA,
955654,98696,
959863,117769,
850052,90414,
850009,87879,
2513061,246836,
842451,84224,
2771267,253119,
2771353,253185,
850094,88276,
960355,124080,
2771174,253359,
850006,87389,
958031,92225,
958085,92285,
957798,91184,
850068,88334,
849988,84850,
957776,91162,
957890,91172,
960018,117801,
2771348,253180,
2771298,253270,
850160,89052,
2266935,86296,
955528,89090,
849998,84226,
958041,92235,
958170,92261,
958134,92216,
2771188,253373,
2513150,246874,
2771356,253188,
955603,88056,
961717,165704,
957902,91185,
955647,98699,
2771266,253117,
961694,165682,
2512924,246910,
2267005,90477,
850043,88285,
961754,165751,
850031,85954,
850172,85254,
850153,87726,
961727,165716,
958097,92170,
959953,117868,
2771327,253098,
6343026,NA,
887919,84548,
850174,85895,
850164,89489,
2771116,253243,
2771366,253210,
958050,92244,
960065,117873,
957877,91157,
960302,124027,
955586,89886,
955531,86685,
955605,90160,
959922,117840,
849972,85359,
958098,92171,
2771472,253336,
850071,83900,
850154,87950,
850131,90301,
850152,87717,
850058,NA,
2771342,253137,
7128621,NA,
961901,165767,
2513114,246890,
960428,124061,
850149,87026,
957799,91185,
960075,117882,
2512870,246765,
842452,84497,
959931,117849,
2771206,253326,
959926,117844,
959930,117848,
2771382,253243,
2771163,253337,
849989,85000,
2771144,253278,
961724,165713,
961850,165695,
2771173,253356,
961720,165709,
957871,91151,
958034,92228,
6115091,NA,
955428,87933,
2771203,253391,
5575753,NA,
6779878,NA,
958110,92190,
4134671,NA,
960363,124088,
957942,91232,
7415735,NA,
2771386,253248,
957894,91177,
2512948,246877,
960434,124067,
961782,165668,
5205170,NA,
961842,165687,
960020,117804,
2512892,246871,
957835,91225,
957845,91235,
955583,88914,
2512971,246786,
2512857,246873,
957928,91218,
887886,84344,
958102,92177,
2771378,253237,
957912,91199,
959920,117838,
2771451,253379,
2266945,90485,
958066,92263,
957790,91176,
958092,92269,
961681,165665,
2771032,253073,
957748,91134,
955559,90625,
2771123,253250,
957883,91163,
957985,92171,
2771448,253376,
2771352,253184,
959873,117778,
850161,89137,
955649,98704,
960043,117850,
2513093,246837,
850146,85954,
959924,117842,
850121,87389,
2771285,253160,
960053,117862,
4477426,NA,
957997,92186,
643399,44434,
2771459,253387,
958184,92277,
643412,44450,
958112,92193,
958079,92279,
850063,88201,
957935,91225,
959928,117846,
842482,85101,
2245063,NA,
4895205,NA,
2771467,253328,
2038363,NA,
4134554,NA,
2512966,246781,
960445,124081,
842457,85888,
2513152,246879,
842503,89136,
2512820,246823,
957947,91171,
850011,87984,
850022,84030,
959895,117798,
955453,89685,
959885,117788,
6622159,NA,
850157,88257,
850066,89636,
6916443,NA,
2771091,253199,
958069,92266,
850051,90307,
958161,92249,
850016,90301,
2771229,253297,
6345770,NA,
4829801,NA,
850037,87717,
2512916,246903,
961779,165778,
961836,165680,
960326,165680,
960438,165680,
960320,165680,
2513010,165680,
960426,165680,
955490,165680,
960399,165680,
960348,165680,
2512925,165680,
960409,165680,
2513151,165680,
2358128,165680,
2512918,165680,
2512953,165680,
960422,165680,
955485,165680,
960313,165680,
2513071,165680,
2358132,165680,
955565,165680,
5629767,165680,
960330,165680,
6740981,165680,
2512954,165680,
955491,165680,
960389,165680,
960415,165680,
2512958,165680,
955498,165680,
960375,165680,
960412,165680,
2512839,246729,
960078,117885,
957766,91152,
2771046,253096,
2512829,246712,
958013,92205,
850086,84789,
850049,89489,
4234461,NA,
955571,85852,
958074,92272,
2771215,253340,
2771157,253321,
955590,90750,
957789,91175,
955557,85611,
2771520,253114,
2266937,86406,
957792,91178,
960452,124089,
961890,165747,
2513130,246911,
2513134,246911,
2512835,246911,
842431,246911,
2513006,246911,
2512821,246911,
2513020,246911,
960427,246911,
2266863,246911,
960384,246911,
887898,246911,
2512989,246911,
960397,246911,
955642,246911,
2783083,246911,
960315,246911,
2513050,246911,
960051,246911,
2513052,246911,
2512968,246911,
960310,246911,
2513095,246911,
2512877,246911,
2513169,246911,
960026,246911,
955637,246911,
842441,246911,
959966,246911,
2512837,246911,
960322,246911,
959903,246911,
959883,246911,
960366,246911,
842528,246911,
960003,246911,
887913,246911,
2512825,246911,
2512938,246911,
955646,246911,
2512887,246911,
2513124,246911,
959937,246911,
2513084,246911,
3881287,246911,
2266911,246911,
2266877,246911,
2513034,246911,
2038364,246911,
6115090,246911,
2266889,246911,
960291,246911,
2266890,246911,
2513017,246911,
887897,246911,
842433,246911,
2266904,246911,
2512941,246911,
2512986,246911,
2266893,246911,
2513167,246911,
2513074,246911,
2512849,246911,
2266969,246911,
2266926,246911,
2513019,246911,
2266953,246911,
2513018,246911,
2266964,246911,
2512891,246911,
2512872,246911,
842479,246911,
2513121,246911,
3313626,246911,
2512933,246911,
2512886,246911,
3313623,246911,
955573,246911,
842513,246911,
2266993,246911,
887889,246911,
2512934,246911,
2512852,246911,
850056,246911,
960308,246911,
2513044,246911,
2513042,246911,
2513062,246911,
6769447,246911,
955598,246911,
955501,246911,
2512896,246911,
3808296,246911,
2513035,246911,
2513162,246911,
960444,246911,
2513051,246911,
2513075,246911,
955650,246911,
842526,246911,
6148330,246911,
6670600,246911,
2512848,246911,
5810880,246911,
2512949,246911,
2513108,246911,
2513070,246911,
2512960,246911,
955655,246911,
2512922,246911,
2512895,246911,
2266932,246911,
2512990,246911,
2512826,246911,
887880,246911,
887920,246911,
2266857,246911,
960458,246911,
2512841,246911,
2266960,246911,
2513098,246911,
955640,246911,
2775127,246911,
2513135,246911,
960449,246911,
842474,246911,
2513001,246911,
2513156,246911,
2512920,246911,
6808996,246911,
2513086,246911,
2513032,246911,
959968,246911,
842443,246911,
960349,246911,
2512824,246911,
5554443,246911,
2513002,246911,
2513157,246911,
3362177,246911,
2266859,246911,
960328,246911,
2775147,246911,
2513180,246911,
2266879,246911,
2512913,246911,
2266974,246911,
959872,246911,
960307,246911,
955525,246911,
960297,246911,
2512881,246911,
2267004,246911,
959973,246911,
955568,246911,
955434,246911,
842470,246911,
2513164,246911,
842460,246911,
842509,246911,
955430,246911,
842429,246911,
955433,246911,
3217472,246911,
2513099,246911,
2512888,246911,
2158340,246911,
5334239,246911,
2512956,246911,
2512951,246911,
2512865,246911,
955587,246911,
2512853,246911,
2513003,246911,
2677904,246911,
2513170,246911,
2512822,246911,
3398892,246911,
2266948,246911,
2512814,246911,
2512914,246911,
955505,246911,
960371,246911,
955609,246911,
3087029,246911,
960341,246911,
955561,246911,
2158337,246911,
2513126,246911,
960314,246911,
955506,246911,
2038369,246911,
2513159,246911,
842462,246911,
2266868,246911,
2512836,246911,
960455,246911,
2383373,246911,
2512921,246911,
2266994,246911,
2266946,246911,
2512844,246911,
955500,246911,
2512985,246911,
2512893,246911,
842453,246911,
2513123,246911,
2512818,246911,
887921,246911,
2512874,246911,
2512980,246911,
960321,246911,
2267006,246911,
2266944,246911,
5964678,246911,
2266855,246911,
2512860,246911,
2512998,246911,
2513025,246911,
2512899,246911,
842450,246911,
2513100,246911,
2244967,246911,
6245978,NA,
960464,124101,
960457,124094,
959891,117794,
959951,117521,
2771219,253349,
961799,165727,
959878,117783,
2771318,253079,
850055,84154,
849969,84789,
2771097,253211,
960446,124082,
957780,91166,
850019,90596,
850005,87173,
957823,91213,
2782363,NA,
961766,165767,
961864,165711,
2677926,98683,
958178,92270,
957827,91217,
957940,91230,
957888,91169,
958172,92263,
955621,98703,
2512884,246855,
2266865,84996,
955519,85899,
2513177,246788,
2771178,253363,
2512993,246695,
849987,84373,
2266887,83500,
850042,88257,
957775,91161,
850147,86316,
2266920,90315,
955440,87991,
2771071,253158,
2771469,253331,
958115,92197,
957873,91153,
957893,91176,
957991,92177,
2771037,253078,
955624,98706,
961716,165703,
2513079,246870,
2266979,88284,
960292,124017,
2771216,253344,
961783,165674,
850096,88581,
850103,84373,
958149,92235,
960439,124072,
958107,92185,
2771406,253282,
1099554,44462,
850165,89490,
2266988,89995,
957936,91226,
849993,86456,
849995,88362,
2771343,253140,
957859,91136,
958105,92182,
957773,91159,
955480,84964,
4658548,NA,
958072,92270,
2573134,86759,
2771466,253326,
7277625,NA,
2771509,253097,
7640085,NA,
2512964,246778,
2266990,83837,
2512936,246847,
960357,124082,
959942,117516,
850024,84209,
961883,165737,
849981,89304,
959869,117775,
2771387,253249,
2771390,253252,
2771337,253129,
4081657,NA,
2771345,253172,
2771175,253360,
961882,165736,
2771420,253327,
2771523,253119,
850034,87026,
850048,89439,
6115080,NA,
2771041,253086,
6781821,NA,
2771179,253364,
2782365,256467,
961667,165651,
957908,91195,
5528792,NA,
850138,84136,
2771126,253253,
7718893,NA,
2771314,253074,
960383,124117,
2512830,246835,
2266971,87024,
959921,117839,
2512889,246862,
958038,92232,
3399980,NA,
957904,91191,
2771498,253312,
2771317,253078,
2244990,NA,
850105,85000,
957998,92187,
2771055,253120,
961873,165720,
957795,91181,
960343,124068,
960024,117808,
961818,165656,
7224932,NA,
961876,165723,
2266996,87252,
850137,84030,
850046,89137,
842497,88047,
850084,83769,
960351,124076,
842476,84353,
850007,87735,
850171,85222,
2771223,253357,
2771411,253294,
957858,91135,
960059,117867,
958060,92257,
961739,165730,
850179,88239,
2266986,89760,
2771106,253229,
961866,165713,
957880,91160,
7077593,NA,
2771489,253300,
961697,165685,
961909,165786,
850162,89327,
850170,84154,
4626698,NA,
955521,88209,
958189,92283,
960040,117845,
961892,165752,
955508,90160,
955628,98708,
2771416,253313,
961707,165695,
961830,165671,
960318,124043,
957778,91164,
887895,86455,
2266902,85824,
955452,84991,
850025,84210,
959988,117769,
842527,87575,
2771435,253359,
850054,83838,
2771207,253328,
2771090,253195,
957920,91208,
958082,92282,
955522,88653,
849974,87226,
2771398,253262,
958011,92203,
958106,92184,
958003,92196,
958151,92237,
957876,91156,
5575751,NA,
2771104,253225,
957752,91137,
850124,87879,
2771138,253267,
2771088,253190,
961728,165717,
2771325,253094,
958063,92260,
2771321,253086,
957818,91208,
887901,87420,
2771181,253366,
957867,91147,
961736,165725,
850115,85346,
2189356,NA,
961699,165687,
2771355,253187,
957829,91219,
850177,88183,
961690,165678,
961748,165743,
961731,165720,
961832,165676,
2771507,253091,
2771505,253324,
2771349,253181,
961712,165700,
955577,84964,
959969,117883,
7667713,NA,
4081656,NA,
2512988,246763,
887879,83539,
959910,117811,
958088,92288,
850032,86316,
2771301,253276,
850141,84354,
1099522,106530,
957881,91161,
961706,165694,
2771279,253152,
2771202,253390,
957938,91228,
958125,92207,
958186,92280,
959985,117766,
2771485,253296,
961668,165652,
850035,87075,
958028,92222,
957944,91234,
955648,98690,
2771039,253080,
958133,92215,
959902,117805,
961710,165698,
959917,117835,
961685,165671,
960048,117856,
2512940,246856,
2245072,NA,
6206441,NA,
955636,98693,
959941,117513,
842499,88256,
842448,90557,
959911,117519,
2771170,253350,
842426,84996,
2771121,253248,
957838,91228,
961801,165740,
957874,91154,
850008,87744,
7531686,NA,
957915,91202,
957857,91134,
2771148,253290,
849991,85397,
960079,117887,
2771427,253342,
2771066,253137,
4780176,NA,
4566854,NA,
960034,117836,
961896,165760,
957842,91232,
3972867,210200,
958036,92230,
2771421,253330,
7144407,NA,
958144,92228,
2513091,246827,
961780,165779,
960001,117784,
6550837,NA,
842507,89994,
955545,87928,
850059,85895,
958168,92259,
2771340,253132,
960327,124052,
955507,90015,
842466,88039,
960329,NA,
849968,83769,
961914,165790,
1099529,44437,
5404570,NA,
850053,90542,
961684,165670,
2771422,253449,
850163,89439,
2771282,253156,
3217052,85873,
959906,117809,
958187,92281,
959867,117773,
2771112,253237,
955585,86542,
956044,90567,
5576712,NA,
2512898,246884,
7747202,NA,
5530247,NA,
5386101,NA,
955580,85337,
2266916,89235,
2266938,86977,
850091,87696,
2513175,246786,
2771108,253233,
850030,85650,
2771465,253393,
957987,92173,
960345,124070,
2771139,253268,
960382,124116,
961698,165686,
961903,165768,
955467,89204,
842515,87252,
2771154,253311,
960017,117800,
2512880,246845,
960396,124019,
2771117,253244,
957863,91140,
6985432,NA,
957870,91150,
955626,98685,
2771264,253114,
6875333,NA,
2771359,253192,
957769,91155,
2771468,253329,
3313622,85456,
960466,124103,
959892,117795,
955444,90387,
960029,117813,
643439,44446,
842444,90100,
955472,85856,
2771329,253105,
958118,92200,
6604600,NA,
850002,86297,
2771150,253294,
2771499,253314,
2512908,246891,
958139,92223,
957905,91192,
955443,88942,
955588,86726,
6490256,NA,
643438,44458,
2267008,87575,
842471,83447,
959929,117847,
960421,124052,
850089,86421,
2771149,253293,
643427,44464,
957917,91204,
957840,91230,
961825,165663,
2771258,253104,
957932,91221,
2771478,253349,
850023,84136,
961857,165701,
2267009,88333,
850155,88048,
2771233,253302,
850184,89712,
2512950,246879,
957839,91229,
961730,165719,
2771501,253319,
957763,91149,
955566,85846,
957879,91159,
2771331,253118,
2512937,246848,
6781775,NA,
958183,92276,
2771476,253345,
4658550,NA,
958143,92227,
957906,91193,
5768355,NA,
2513116,246889,
960304,124029,
2183002,124054,
2267010,89711,
2771402,253268,
955479,85705,
961805,165784,
955539,88942,
842490,86635,
850102,84173,
849973,86421,
2336235,NA,
2771376,253236,
957918,91205,
2771299,253271,
958020,92212,
2771493,253305,
958191,92285,
955550,89685,
5205639,NA,
957986,92172,
959946,117862,
961861,165705,
3345871,247673,
958166,92257,
958084,92284,
955483,85337,
958152,92238,
5386094,NA,
955537,86793,
2512946,246872,
2771437,253362,
2771430,253348,
959987,117768,
955644,98713,
2775148,124107,
960405,124031,
959934,117852,
849977,88031,
2512834,246841,
957815,91205,
2512859,246759,
850109,87102,
960425,124056,
842423,84342,
957831,91221,
2771413,253303,
2771497,253310,
961741,165732,
957813,91203,
958016,92208,
958173,92264,
2266973,87215,
957921,91209,
2771127,253254,
2513083,246886,
5705711,NA,
2771249,253324,
957826,91216,
2771241,253315,
957755,91141,
849999,NA,
957882,91162,
2771407,253283,
2771189,253374,
850130,88603,
958185,92279,
2512910,246896,
955592,87151,
5810924,NA,
850185,87630,
957989,92175,
955510,87474,
2245064,98946,
960462,124099,
2512945,246869,
2771082,253184,
958123,92205,
842477,84438,
961676,165660,
2771262,253111,
958120,92202,
4832657,NA,
957793,91179,
955619,88653,
2771385,253247,
957837,91227,
850175,86731,
957757,91143,
2771245,253319,
849990,85384,
958159,92247,
955465,90571,
2771204,253392,
961813,165651,
955627,98687,
7462977,NA,
2513089,246900,
2771371,253222,
961907,165772,
5672085,NA,
2771035,253076,
2266900,85416,
2512926,246912,
958096,92292,
957849,91240,
2771397,253261,
2266957,84547,
2771273,253141,
959943,117859,
958171,92262,
2771081,253183,
961820,165658,
849997,89742,
959995,117776,
2771198,253383,
961664,165648,
2513041,246808,
2771256,253101,
4558008,NA,
959876,117781,
2771393,253255,
955629,98689,
958046,92240,
961867,165714,
955602,90496,
955639,98688,
961711,165699,
5705705,NA,
2513067,246819,
2512996,246707,
1099556,44464,
850107,86252,
961683,165667,
957996,92185,
849984,90362,
955643,98697,
958019,92211,
2771471,253335,
850065,88403,
2771161,253449,
957786,91172,
2771364,253208,
955431,89090,
960367,124092,
2771519,253112,
960013,117796,
2771429,253346,
2771482,253357,
961845,165690,
957784,91170,
2771062,253130,
2771443,253368,
960042,117849,
961695,165683,
958083,92283,
6239200,NA,
2266967,86492,
955504,87963,
2513115,246892,
2513172,246779,
2771263,253112,
959860,117767,
2771365,253209,
957910,91197,
5832641,NA,
6330500,NA,
959979,117894,
2771360,253195,
2867086,NA,
2513161,246772,
842504,89438,
2771486,253297,
2266978,88256,
850166,90307,
850038,87726,
960337,124062,
2771484,253291,
961893,165753,
957898,91181,
2771276,253146,
955556,86355,
961770,165770,
6916442,NA,
955635,98717,
955618,88209,
961848,165693,
2771042,253087,
961778,165777,
5165855,NA,
850114,NA,
4081653,NA,
2771479,253351,
2771201,253388,
2513153,246882,
960049,117857,
957783,91169,
2771251,253091,
960064,117872,
959944,117860,
958006,92198,
958001,92194,
5864061,NA,
958089,92289,
958051,92245,
2771160,253330,
955432,NA,
955438,90567,
961904,165785,
961851,165696,
955622,98705,
3313620,90505,
2266876,87765,
887887,84372,
1099547,44455,
850014,88308,
958108,92186,
850050,89490,
2771137,253264,
961824,165662,
957925,91213,
957934,91224,
958165,92256,
850129,88308,
2512970,246783,
2189357,NA,
850176,87603,
959879,117784,
961894,165754,
2771474,253340,
2771388,253250,
4623282,NA,
6241687,NA,
4476115,NA,
2771409,253290,
958033,92227,
2771377,253225,
961853,165698,
2771044,253092,
957802,91192,
960056,117865,
958065,92262,
7640082,NA,
959914,117814,
850061,87603,
2771214,253338,
960395,124018,
2771372,253224,
2512882,246849,
960319,124044,
643413,106522,
961753,165748,
643430,44455,
955471,85855,
960368,124093,
2771124,253251,
850111,88998,
957931,91222,
959888,117791,
957868,91148,
7425623,NA,
2771405,253278,
2771165,NA,
957820,91210,
958126,92208,
2771452,253380,
2771134,253261,
960338,124063,
5527649,NA,
958167,92258,
2513142,246853,
961764,165763,
2771166,253342,
2771525,253123,
960068,117876,
2771375,253235,
958015,92207,
961902,165782,
7025162,NA,
887892,85416,
842438,88013,
2513000,246757,
2512923,246730,
961807,165787,
959866,117772,
957911,91198,
960443,124079,
3811339,152944,
2266884,90115,
957941,91231,
2771092,253201,
2771284,253159,
842494,87215,
2512942,246861,
2771514,253104,
2513137,246921,
958094,92278,
957860,91137,
958164,92255,
957865,91142,
957984,92170,
959927,117845,
2771313,253073,
2771391,253253,
2771328,253102,
957809,91199,
2771475,253344,
957753,91139,
957872,91152,
2771419,253325,
2771415,253311,
957754,91140,
958073,92271,
2771490,253301,
2771350,253182,
7415738,NA,
850098,89388,
2771064,253132,
2771159,253327,
955515,89974,
2771197,253382,
2771230,253298,
2512815,246817,
955449,87928,
2512817,246821,
955641,98701,
2771063,253131,
959965,117517,
2512909,246894,
842472,84026,
2266894,84344,
959935,117853,
850092,87707,
959870,117776,
849986,84173,
2512885,246697,
2771330,253115,
850151,87317,
2771399,253263,
850156,88078,
959984,117765,
2771200,253387,
2771080,253182,
850168,90542,
957892,91175,
960459,124096,
960039,117843,
957885,91165,
850144,84861,
961752,165747,
957887,91167,
2771418,253321,
6740984,NA,
850180,88403,
2771351,253183,
2771076,253175,
2771494,253306,
850097,89304,
2771425,253339,
961701,165689,
957751,91138,
2266981,88614,
2771412,253299,
955633,98692,
2771495,253307,
2771107,253232,
959961,117876,
2771114,253240,
2513102,246860,
2771167,253343,
2038366,126020,
2266922,90379,
2513038,246804,
2771306,253284,
2771454,253382,
2266956,84529,
961686,165672,
6142632,NA,
2771098,253212,
957807,91197,
957821,91211,
955540,90387,
958146,92230,
850159,88615,
958138,92222,
957762,91148,
957756,91142,
2771344,253158,
2771432,253352,
2771389,253251,
961749,165744,
958179,92271,
2267007,85582,
955620,98671,
961774,165774,
2513138,246923,
959989,117770,
957774,91160,
2266927,84497,
957822,91212,
957830,91220,
955653,98686,
958070,92267,
2512876,246690,
2512992,246694,
2771309,253287,
2771395,253257,
2771153,253308,
958053,92248,
959889,117792,
2771326,253096,
957988,92174,
957808,91198,
961777,165775,
958048,92242,
850143,84821,
961833,165677,
957843,91233,
2771414,253308,
2512845,246834,
961725,165714,
961746,165741,
850044,88615,
2771101,253222,
5529515,NA,
958180,92272,
961865,165712,
850173,NA,
961677,165661,
961680,165664,
961755,165752,
2771445,253373,
2771171,253352,
2266934,86104,
959897,117800,
2512813,246813,
2771073,253168,
4864005,NA,
2418295,NA,
2513176,246787,
2513082,246881,
2266972,87196,
2771460,253388,
957817,91207,
850110,88362,
961700,165688,
957764,91150,
958093,92274,
850060,86731,
2771087,253189,
957907,91194,
958156,92243,
961879,165730,
957810,91200,
2771182,253367,
2771481,253354,
2512987,246761,
2771210,253332,
961815,165653,
2771254,253099,
958103,92178,
2771502,253320,
2513063,246841,
2771441,253366,
955460,85611,
959905,117808,
2512900,246890,
2513022,246714,
960335,124061,
2513013,246693,
959977,117892,
2771339,253131,
2771034,253075,
961732,165721,
957945,91235,
957916,91203,
2266910,87766,
958111,92192,
957903,91190,
961843,165688,
957768,91154,
850123,87744,
850178,88201,
2771072,253164,
961880,165731,
961863,165710,
957943,91233,
958158,92245,
2266896,84912,
955446,NA,
955582,88938,
2266982,89136,
2266997,87635,
2771217,253345,
2512871,246902,
955495,87151,
959894,117797,
960012,117795,
4693588,NA,
2513065,246818,
4081654,NA,
2771383,253245,
961767,165782,
961897,165761,
957806,91196,
961769,165785,
2512963,246777,
2771078,253180,
887884,84184,
850081,83654,
958174,92265,
2266984,89486,
955450,89218,
957777,91163,
643437,44457,
957841,91231,
955470,85846,
961773,165773,
958104,92179,
849996,88998,
2266951,84207,
958147,92233,
958177,92268,
961713,166464,
2771392,253254,
2771146,253283,
960041,117846,
842514,87242,
842468,88447,
961831,165672,
2513096,246843,
961852,165697,
958026,92220,
2771212,253335,
2771208,253329,
850099,89761,
6635593,NA,
1099527,44435,
961787,165734,
2771446,253374,
2771304,253280,
2771280,253154,
2266886,90376,
958181,92273,
2771183,253368,
959959,117874,
2513144,246859,
958005,92197,
958131,92213,
2771030,253069,
2512919,246907,
957924,91212,
957824,91214,
961823,165661,
2771455,253383,
2513128,246909,
955458,85188,
850036,87317,
958061,92258,
2771176,253361,
6347911,NA,
955594,85426,
955597,86481,
2771488,253298,
958045,92239,
957886,91166,
957797,91183,
2771320,253081,
955532,86686,
2771100,253218,
887912,90315,
958043,92237,
2513178,246789,
961735,165724,
2513090,246902,
2513127,246908,
959949,117865,
4651966,NA,
961691,165679,
961821,165659,
2771450,253378,
2771079,253181,
955527,89089,
957844,91234,
960069,117878,
6470454,NA,
2513048,246814,
960344,124069,
4626701,NA,
849971,84831,
960359,124084,
2358130,124108,
958117,92199,
2771084,253186,
850106,85397,
961839,165684,
957834,91224,
2513111,246883,
2771075,253172,
2771319,253080,
850125,87957,
957937,91227,
850117,86297,
2266882,89234,
955475,88805,
957926,91214,
961672,165656,
961819,165657,
850122,87735,
842486,86179,
961841,165686,
2771269,253123,
2771526,253127,
960055,117864,
2771491,253302,
2772531,253150,
850026,84354,
955579,85336,
959880,117785,
2513040,246806,
2771053,253115,
958121,92203,
2513145,246861,
960033,117835,
6106227,NA,
959861,117766,
960378,124103,
958099,92172,
960413,124043,
842434,87288,
849980,88581,
849976,87707,
961804,165765,
961682,165666,
2771522,253117,
842484,85686,
1099535,44443,
958039,92233,
961802,165750,
958044,92238,
850104,84850,
961692,165680,
961874,165721,
850118,86411,
850033,86524,
2771119,253246,
955468,89205,
957900,91183,
958090,92290,
961761,165760,
2771428,253343,
2771521,253116,
2771047,253098,
957914,91201,
850119,86719,
2771462,253390,
2771524,253121,
955549,84991,
961891,165751,
958023,92215,
960356,124081,
3808295,NA,
2771199,253386,
955546,89218,
2513056,246826,
5551724,NA,
955634,98714,
2512879,246843,
960002,117785,
2266929,85112,
2513147,246867,
2512972,246784,
2771147,253288,
957922,91210,
958095,92291,
961822,165660,
2771220,253351,
961763,165762,
2771335,253126,
887899,87290,
850136,84029,
960418,124049,
960424,124055,
850126,87984,
2266875,87418,
2266905,87002,
960350,124075,
2244989,NA,
850017,90486,
958009,92201,
2771152,253303,
2771077,253179,
957897,91180,
961722,165712,
2771237,253307,
5864091,NA,
958010,92202,
961856,166464,
2771242,253316,
958054,92249,
958175,92266,
955610,88842,
850186,85384,
955466,88969,
961809,NA,
961703,165691,
957749,91135,
2513064,246816,
961743,165736,
958075,92273,
955589,90759,
961898,165762,
2771196,253381,
957850,91241,
958000,92192,
2513047,246813,
2266915,88580,
2266914,88505,
2771036,253077,
2513109,246880,
961776,165789,
955631,98691,
957828,91218,
2513163,246774,
958142,92226,
961877,165724,
2266975,87840,
960403,124028,
2771286,253161,
842421,84059,
957896,91179,
2771515,253106,
850090,87226,
2512867,246898,
2512827,246831,
960015,117798,
2244988,NA,
2513165,246776,
960072,117517,
643428,44454,
2513068,246829,
959939,117857,
2244957,NA,
961726,165715,
842465,87388,
2771172,253355,
955439,90568,
957767,91153,
2771270,253127,
958049,92243,
955461,89903,
958004,92193,
2513149,246872,
961708,165696,
960392,124126,
2244971,NA,
960454,124092,
2771510,253099,
961666,165650,
2771240,253314,
955562,90571,
2513117,246891,
842469,88483,
957761,91147,
960394,124017,
958137,92221,
2513046,NA,
4566856,266914,
957800,91190,
960364,124089,
961888,165745,
2771261,253110,
2771234,253304,
2771243,253310,
2771070,253150,
961887,165744,
2771177,253362,
2266869,85821,
2771221,253353,
958012,92204,
961781,165790,
961742,165733,
955599,86486,
961855,165700,
957770,91156,
958014,92206,
961828,165666,
850134,90596,
2512864,246893,
2771227,253295,
955596,85429,
961714,165701,
2771312,253072,
2513174,246784,
960077,117886,
2266866,NA,
842488,86492,
955464,90295,
959932,117850,
961816,165654,
958153,92239,
960305,124030,
958027,92221,
961826,165664,
6115087,NA,
959983,117764,
958067,92264,
2513026,246731,
2513181,246698,
959877,117782,
961758,165755,
849975,87696,
2266955,84438,
842492,87024,
643440,44447,
958030,92224,
850112,89742,
849982,89388,
2771362,253201,
1341278,106532,
958047,92241,
961911,165775,
2431460,NA,
2513160,246771,
961810,165648,
955493,90750,
2771113,253238,
2513055,246825,
2512929,246742,
2771086,253188,
2512850,246854,
958024,92216,
2513049,246815,
5386102,NA,
2512833,246838,
2771218,253347,
960054,117863,
960000,117783,
960032,117816,
850113,84226,
959960,117875,
961846,165691,
850057,85254,
3087030,NA,
959884,117787,
960360,124085,
2771105,253226,
2771444,253369,
2771500,253315,
957853,91244,
2266959,84820,
2425566,NA,
961675,165659,
958081,92281,
959923,117841,
961872,165719,
850013,88265,
2771369,253215,
842496,87840,
955435,86686,
961913,165778,
958101,92176,
2513173,246783,
2771423,253334,
2266881,88576,
2771169,253348,
961702,165690,
959893,117796,
955645,98730,
2513053,246823,
2266998,88238,
2771370,253218,
2771513,253103,
960046,117853,
2512894,246705,
887911,90118,
958007,92199,
957787,91173,
2244968,NA,
3313625,87370,
2771260,253107,
957851,91242,
850182,90426,
842502,88614,
957901,91184,
957869,91149,
2771045,253094,
842489,86523,
842459,86104,
2771252,253093,
2513101,246857,
960435,124068,
958154,92240,
957913,91200,
959998,117779,
2266961,85101,
2512957,246772,
2512838,246822,
2771033,253074,
5790882,NA,
2771253,253097,
960463,124100,
2513037,246803,
2513122,246901,
850142,84531,
849978,88276,
3398891,NA,
959999,117780,
2771506,253089,
850158,88285,
957791,91177,
2771439,253364,
955463,89725,
2267002,88402,
958068,92265,
5927168,NA,
957852,91243,
961844,165689,
887916,84027,
2771511,253100,
887905,88275,
961737,165728,
957803,91193,
957999,92190,
2513166,246777,
842506,89760,
2771235,253305,
961784,165707,
955535,90568,
2512943,246863,
958124,92206,
955651,98702,
958122,92204,
887906,88505,
842512,85221,
842520,88389,
959913,117813,
961827,165665,
961814,165652,
2771436,253361,
842495,87315,
850133,90552,
958157,92244,
643417,44452,
2771209,253331,
958136,92220,
2771151,253299,
955512,88841,
961688,165676,
850027,84531,
842518,88238,
850028,84821,
955584,86537,
955489,89886,
2512856,246870,
960374,124099,
958055,92250,
4081618,NA,
2513140,246848,
5065135,NA,
961757,165754,
2512868,246900,
842485,85805,
2771508,253093,
2771180,253365,
957781,91167,
6241006,NA,
955526,NA,
960437,124070,
960419,124050,
643407,44449,
2771305,253281,
2771291,253167,
643433,44443,
961840,165685,
2513179,246790,
2771410,253293,
961669,165653,
3102599,253235,
2513103,246862,
2771374,253234,
2512846,246839,
960306,124031,
961665,165649,
957946,91236,
2266880,88501,
959994,117775,
2771239,253312,
2771433,253355,
2771303,253279,
2266943,88447,
2771373,253229,
2771085,253187,
850039,87950,
960036,117840,
842511,84984,
3346513,NA,
4955155,124109,
2244972,NA,
842521,88402,
958160,92248,
955530,89666,
842427,NA,
959974,117889,
959981,117884,
2771287,253162,
1341268,44429,
850083,90723,
2771143,253275,
850040,88048,
960293,124018,
961881,165732,
2771192,253377,
2771142,253274,
961674,165658,
2771184,253369,
887903,88015,
2512858,246876,
2512855,246868,
2771354,253186,
850074,85165,
955572,88805,
961762,165761,
2771226,253292,
2771048,253102,
961765,165764,
959933,117851,
2771434,253356,
958022,92214,
2771135,253262,
961899,165763,
957909,91196,
2771141,253273,
958190,92284,
850093,88031,
2771394,253256,
850145,85650,
959980,117895,
2266966,86223,
1099543,44451,
961834,165678,
957939,91229,
850085,84065,
961756,165753,
960460,124097,
2266891,83890,
958128,92210,
957805,91195,
955581,89900,
6346620,NA,
2266930,85475,
2513146,246863,
2266947,84026,
2771109,253234,
2771246,253320,
2512944,246867,
887894,85824,
958100,92175,
2512847,246844,
958193,92287,
960450,124087,
2512935,246923,
2266952,84274,
2266968,86523,
2266924,83745,
850087,84831,
2418300,NA,
959915,117815,
1341271,44431,
959976,117891,
842435,87396,
957782,91168,
2771265,253116,
2771401,253267,
957895,91178,
961803,165757,
961869,165716,
2775128,124111,
2771095,253209,
2771379,253238,
961687,165673,
955595,85428,
2267003,89577,
2771400,253264,
2513066,246822,
2512828,246832,
961790,165756,
2512917,246904,
961740,165731,
961906,165771,
2512965,246780,
957995,92184,
2771440,253365,
959997,117778,
2512927,246913,
960067,117875,
961908,165774,
960022,117806,
957878,91158,
958132,92214,
850000,85346,
2771438,253363,
2266992,84984,
961806,165792,
2771470,253332,
961838,165683,
2266921,90316,
2513039,246805,
2266903,86455,
7084614,NA,
4081651,NA,
2513085,246893,
2512831,246836,
959950,117866,
957994,92182,
2512863,246888,
955536,87991,
842475,84274,
957933,91223,
2771031,253072,
958148,92234,
2512995,246706,
960008,117791,
961721,165710,
961723,165711,
955524,89977,
2266871,86960,
960342,124067,
957772,91158,
643411,44439,
2266985,89487,
961750,165745,
849983,89761,
2771228,253296,
2771408,253288,
2771424,253337,
2512973,246787,
842525,85238,
960362,124087,
2771120,253247,
2771417,253318,
959947,117863,
961800,165735,
2512975,246789,
2771222,253354,
2266898,85396,
2266931,85781,
2512878,246842,
958076,92275,
2266995,87242,
2771516,253107,
2771156,253318,
842440,88271,
643421,44419,
842500,88284,
643435,44456,
958192,92286,
961878,165729,
2771357,253189,
643434,44444,
2771464,253392,
2513107,246875,
2771283,253157,
2266940,87388,
958071,92268,
2573135,88417,
960410,124038,
2513077,246865,
959996,117777,
2390410,NA,
960391,NA,
2512981,246718,
4134137,NA,
961868,165715,
842455,85475,
961811,165649,
2266925,84172,
961885,165742,
2771447,253375,
2771058,253126,
850139,84209,
958176,92267,
957832,91222,
957811,91201,
959952,117867,
850100,90362,
961719,165706,
2771136,253263,
2513158,246769,
850045,89052,
959964,117879,
842473,84135,
960014,117797,
958021,92213,
960037,117841,
2771132,253259,
2771054,253118,
955484,89900,
961870,165717,
2771094,253208,
960045,117852,
959904,117807,
961788,165739,
850041,88078,
2512832,246715,
961798,165781,
961670,165654,
960294,124019,
960373,124098,
960431,124063,
4956323,NA,
960461,124098,
955492,90759,
2513004,246745,
842439,88027,
2513054,246824,
850128,88265,
850101,83582,
961734,165723,
3345751,NA,
961768,165768,
955616,85899,
1099532,44440,
850072,84199,
1341266,44426,
2771050,253109,
958040,92234,
2771133,253260,
850108,86456,
2512861,246886,
2189354,NA,
955529,NA,
2266976,88047,
955617,87266,
2512883,246852,
2512869,246762,
2512969,246779,
2358147,124110,
2771231,253300,
959899,117802,
2771049,253105,
850020,83807,
960074,117881,
2245071,NA,
955502,86486,
643401,106520,
850095,88507,
850132,90486,
2771158,253325,
849992,86252,
850018,90552,
2771275,253144,
2266883,90100,
2771311,253069,
4200081,NA,
887918,84275,
2771187,253372,
961808,165788,
2512905,246889,
960061,117869,
955570,85851,
2513104,246864,
957779,91165,
2513097,246845,
842418,83538,
842519,88353,
961772,165772,
5790342,NA,
2266987,89994,
850169,83838,
960398,124021,
961837,165681,
961849,165694,
960309,124034,
5390475,NA,
960417,124048,
1341272,44432,
960006,117789,
960411,124041,
2266954,84275,
643408,44436,
961854,165699,
960303,124028,
958077,92276,
2189355,NA,
2513113,246887,
2771195,253380,
2266942,88264,
887890,85396,
850167,90414,
2771347,253179,
1099511,44425,
2775143,124106,
2512812,246814,
2266897,84998,
958018,92210,
958116,92198,
643404,44462,
961759,165758,
850077,87598,
2771061,253129,
957801,91191,
2771322,253087,
2771186,253371,
2512912,246735,
643405,44435,
2771384,253246,
960353,124078,
960448,124084,
842487,86223,
959967,117881,
958037,92231,
6160955,NA,
2513033,246798,
849985,83582,
960044,117851,
960390,124124,
643425,44460,
2266941,88039,
887896,86962,
2513088,246898,
960377,124102,
958182,92275,
960289,124014,
850076,86004,
2771271,253138,
1099495,44418,
2513031,246794,
842529,89711,
960325,124050,
2771308,253286,
643403,44461,
2771274,253143,
2267011,90557,
842454,85112,
2771125,253252,
960442,124076,
2513069,246830,
960296,124021,
2512843,246829,
959954,117869,
2513094,246840,
959882,117512,
2266867,85414,
2771517,253110,
959978,117893,
1099555,44463,
957854,91245,
2266908,87398,
850078,87599,
959936,117854,
961786,165726,
955563,88969,
2267000,88229,
961745,165738,
961689,165677,
2244987,NA,
2266860,84059,
1099552,44460,
2771302,253277,
957862,91139,
2390415,NA,
2513030,246792,
958140,92224,
2266950,84206,
842493,87196,
2513060,246835,
842458,86024,
961875,165722,
961871,165718,
2771236,253306,
2771043,253090,
2771213,253336,
2771068,253142,
2782364,NA,
960299,124026,
960380,124114,
961794,165776,
850075,85680,
2771310,253289,
1099549,44457,
959886,117789,
960332,124057,
959940,117858,
2266991,84423,
958091,92254,
2513132,246913,
850004,86719,
2513011,246797,
960406,124032,
960433,124066,
2266872,87000,
2771224,253291,
960408,124036,
3808293,NA,
2266888,83539,
2771315,253075,
959971,117885,
1099524,106532,
850148,86524,
2771244,253317,
850116,86025,
2418286,152939,
960465,124102,
842447,90376,
842491,86991,
2266864,84910,
887900,87398,
955523,89906,
958002,92195,
2513133,246914,
961705,165693,
961829,165670,
957848,91239,
2771155,253313,
1099538,44446,
2512932,246921,
2038367,126021,
960317,124042,
960358,124083,
960323,124048,
960440,124074,
2771069,253145,
2513148,246869,
2512873,246833,
2266949,84135,
2512915,246901,
842508,90436,
960361,124086,
2266917,90101,
2266977,88076,
643422,44441,
643410,44438,
957930,91220,
2512997,246711,
2771292,253171,
1341269,44430,
2266999,88353,
2771363,253205,
961795,165669,
4918502,NA,
960441,124075,
2266862,84342,
2513168,246780,
960336,124060,
2513009,246793,
2266919,90118,
960028,117811,
2266923,90559,
842463,86977,
2158341,124109,
960038,117842,
2513154,246885,
960370,124095,
2513059,246832,
960052,117861,
961733,165722,
2266913,88275,
961785,165780,
960352,124077,
842464,87044,
2513073,246846,
960021,117805,
887893,85673,
2771272,253139,
1099519,106527,
960347,124072,
960331,124056,
2266965,86179,
887888,84912,
2512902,246710,
2266912,88029,
2513043,246809,
842517,88229,
961789,165749,
955601,87963,
955481,84965,
2266901,85673,
3010353,NA,
960334,124059,
960295,124020,
958057,92253,
1341276,106530,
960423,124054,
2771190,253375,
2513139,246847,
2513119,246896,
960381,124115,
1099541,44449,
842432,86960,
955541,87941,
2266878,88027,
958059,92256,
887908,89235,
2771296,253265,
842467,88264,
961738,165729,
643396,44418,
961771,165771,
960393,124016,
2513118,246894,
2513012,246799,
2771052,253108,
2266899,85415,
2512961,246775,
842501,88491,
2771289,253165,
850010,87957,
887915,90559,
957788,91174,
2513076,246858,
2512999,246737,
2512906,246716,
2771512,253101,
2266963,85686,
850082,87566,
2266885,90314,
1099542,44450,
887917,84207,
2266918,90102,
961905,165770,
961751,165746,
960401,124026,
2513007,246750,
2771268,253121,
960447,124083,
958113,92194,
2266858,83566,
1708968,124108,
887907,88580,
957760,91146,
2771103,253224,
2771040,253081,
961812,165650,
2512819,246691,
959982,117896,
2266962,85649,
1341267,44428,
957856,91247,
961791,165766,
2266939,87044,
2266909,NA,
959992,117773,
842481,84931,
2512851,246744,
842430,85821,
960387,124121,
961797,165708,
2513015,246709,
2513143,246856,
958008,92200,
961704,165692,
1099546,44454,
2771185,253370,
2771278,253149,
2512979,246703,
2771380,253240,
961796,165675,
958109,92187,
1099518,44432,
2771518,253111,
2771293,253174,
887904,88029,
959900,117803,
2771307,253285,
842419,83566,
958141,92225,
849970,84065,
2771211,253333,
2266856,83497,
2771074,253170,
960339,124064,
960312,124037,
1099513,44427,
887910,90102,
887883,84064,
960436,124069,
960414,124044,
960369,124094,
2513016,246726,
643409,44437,
2038362,126024,
961862,165709,
1099533,44441,
2771102,253223,
887909,90101,
2512875,246684,
1099551,44459,
2513092,246833,
2267001,88389,
850140,84210,
1099545,44453,
643420,44453,
2512842,246739,
643416,106524,
842478,84529,
960372,124097,
958169,92260,
961817,165655,
1099553,44461,
957759,91145,
850079,90323,
960420,124051,
960432,124064,
2266928,84898,
887902,87766,
643436,44445,
2512862,246760,
1099500,106522,
1099539,44447,
643432,44463,
1099534,44442,
959975,117890,
2371260,124112,
3511720,NA,
960400,124023,
960430,124062,
2266874,87396,
842510,84423,
2512903,246713,
960346,124071,
842456,85781,
887891,85415,
2512984,246741,
842428,85414,
2266983,89438,
958052,92247,
1099501,106523,
1341275,106529,
2266895,84372,
842522,89577,
842505,89486,
2771277,253147,
2513023,246722,
1099497,106519,
643397,44433,
2771492,253304,
957855,91246,
2771288,253163,
1099523,106531,
2266989,90436,
2512978,246688,
842449,83745,
842480,84820,
960404,124030,
961792,165783,
1099516,44430,
643429,44442,
960340,124065,
1099502,106524,
2512977,246686,
842417,83497,
1341265,106526,
1099536,44444,
842483,85649,
960300,124024,
960290,124015,
960388,124122,
2771115,253241,
850021,84029,
2512982,246732,
958035,92229,
1099521,106529,
1099525,44433,
2266906,87289,
2266861,84183,
1099517,44431,
2038365,NA,
2771300,253272,
2771295,253177,
1341274,106528,
887881,83889,
1099526,44434,
643415,44451,
1099512,44426,
842461,86374,
2513021,246704,
2266870,86453,
1099520,106528,
842442,88576,
842446,90314,
960379,124113,
960416,124047,
2512994,246700,
2771294,253176,
2512991,246689,
643424,44421,
2513008,246791,
1341270,44427,
643419,44440,
842498,88076,
1099499,106521,
1099537,44445,
842445,90115,
643406,106521,
1341277,106531,
1099548,44456,
957847,91238,
1341264,44425,
849979,88507,
1099506,44421,
960386,124120,
643402,44448,
842437,87765,
959912,117812,
1099540,44448,
1099528,44436,
2386781,NA,
2771281,253155,
842424,84370,
960451,124088,
960301,124025,
1099507,44422,
1341273,106527,
960333,124058,
2513027,246733,
1099530,44438,
887878,83500,
2513036,246802,
2266933,86024,
2512907,246720,
1099550,44458,
643442,44459,
960298,124023,
2512840,246724,
960324,124049,
887885,84185,
643423,44420,
1099508,44423,
2513182,246719,
960407,124033,
643426,44422,
960385,124119,
2513029,246754,
842425,84910,
887882,83890,
850080,84211,
961793,165769,
2512983,246734,
957816,91206,
1099531,44439,
957758,91144,
2771297,253266,
643400,106519,
643431,44423,
1099510,106526,
1099515,44429,
1099514,44428,
643398,106518,
2513005,246727,
1099509,44424,
960456,124093,
2513024,246723,
957825,91215,
1099544,44452,
1099505,44420,
1099503,106525,
643418,106525,
1099496,106518,
842420,83888,
842422,84183,
1099504,44419,
1099498,106520,
842436,87418,
643441,44424,
2513014,246696,
643414,106523,
