PCID,TCGID,
5705982,NA,
3975654,NA,
3975935,NA,
3725764,NA,
6363055,NA,
3725798,NA,
5530061,NA,
5917687,NA,
5769594,NA,
5769813,NA,
3561710,NA,
3975947,NA,
3725855,NA,
5252551,NA,
5769675,NA,
5706124,NA,
5252548,NA,
5768768,NA,
3560886,NA,
3561584,NA,
6971307,NA,
3975647,NA,
4928334,NA,
3975952,NA,
3725866,NA,
3975787,NA,
3725916,NA,
3725708,NA,
3561701,NA,
3975956,NA,
5067075,NA,
5769501,NA,
5768802,NA,
6363058,NA,
3560791,NA,
3560757,NA,
3560892,NA,
3725726,NA,
3561562,NA,
3975736,NA,
5769744,NA,
5252585,NA,
5769722,NA,
3975662,NA,
5769836,NA,
5252572,NA,
1420008,168212,
5769790,NA,
5769624,NA,
5769887,NA,
3561236,NA,
5706040,NA,
5706073,NA,
6363056,NA,
3725690,NA,
3975793,NA,
5769650,NA,
5067029,NA,
3560764,NA,
3561646,NA,
3561592,NA,
3561540,NA,
5067051,NA,
4928227,NA,
3975628,NA,
5253709,NA,
5768724,NA,
5705977,NA,
5067027,NA,
5530040,NA,
5705946,NA,
5706016,NA,
5530064,NA,
5369005,NA,
3561262,NA,
3560817,NA,
3975875,NA,
3975713,NA,
3975951,NA,
5706030,NA,
1420017,152843,
5706177,NA,
5706012,NA,
3561266,NA,
3561641,NA,
3725808,NA,
3725810,NA,
5252557,NA,
5706212,NA,
7667580,NA,
5769712,NA,
3560732,NA,
3725750,NA,
3725679,NA,
5706077,NA,
7286185,NA,
3975766,NA,
3561396,NA,
3561336,NA,
3975805,NA,
3975847,NA,
5768760,NA,
3975925,NA,
5706159,NA,
3560911,NA,
3561692,NA,
6666558,NA,
5252568,NA,
5769794,NA,
5768818,NA,
5066997,NA,
3560775,NA,
1420013,168215,
3975841,NA,
3725766,NA,
5705988,NA,
6363049,NA,
5769610,NA,
3561588,NA,
4928242,NA,
5768815,NA,
5706009,NA,
3975944,NA,
5768793,NA,
5768771,NA,
3975953,NA,
5768790,NA,
3561098,NA,
3560758,NA,
3975929,NA,
5705950,NA,
3975807,NA,
3975879,NA,
4928328,NA,
5705903,NA,
3975979,NA,
5769844,NA,
3561521,NA,
3725874,NA,
5530052,NA,
3561616,NA,
3725847,NA,
4928222,NA,
3975943,NA,
5530083,NA,
5769881,NA,
3561574,NA,
5067085,NA,
5768769,NA,
5067093,NA,
4928279,NA,
5706206,NA,
5769570,NA,
4928240,NA,
5252588,NA,
3725818,NA,
5769776,NA,
5769694,NA,
3725673,NA,
3561531,NA,
5769801,NA,
3975863,NA,
3975640,NA,
3560760,NA,
3975725,NA,
3975923,NA,
3725967,NA,
3561520,NA,
5706034,NA,
3561365,NA,
3725700,NA,
5706126,NA,
3975817,NA,
5706194,NA,
5252582,NA,
3560734,NA,
3725924,NA,
5252594,NA,
3725793,NA,
3561550,NA,
5368999,NA,
5705997,NA,
3561689,NA,
3560903,NA,
5769756,NA,
6362968,NA,
3561221,NA,
5252571,NA,
5369000,NA,
5705985,NA,
5368997,NA,
5769789,NA,
5769843,NA,
4928288,NA,
5768826,NA,
5769787,NA,
5769575,NA,
5067070,NA,
5769737,NA,
3976000,NA,
3561360,NA,
3975857,NA,
3561613,NA,
3561539,NA,
3561214,NA,
5067016,NA,
3561675,NA,
4928256,NA,
3561440,NA,
5769783,NA,
5768797,NA,
3561582,NA,
5252552,NA,
3561465,NA,
7286183,NA,
5530087,NA,
3561711,NA,
5706060,NA,
5705975,NA,
5067077,NA,
5530026,NA,
4928264,NA,
3560738,NA,
5768729,NA,
3561278,NA,
3561304,NA,
3561563,NA,
3561719,NA,
5769865,NA,
3560888,NA,
3975711,NA,
3561630,NA,
3561487,NA,
5252569,NA,
4928271,NA,
3975901,NA,
5768775,NA,
5769713,NA,
5252574,NA,
3561705,NA,
3561515,NA,
5769835,NA,
5705956,NA,
5706020,NA,
5769477,NA,
5530034,NA,
5768786,NA,
5769767,NA,
6363061,NA,
5706135,NA,
3560988,NA,
3560851,NA,
3975982,NA,
3975993,NA,
3725881,NA,
3561302,NA,
3725951,NA,
3725716,NA,
5706093,NA,
5768782,NA,
5067036,NA,
5769864,NA,
5705945,NA,
1420010,168246,
3561273,NA,
5706196,NA,
4928296,NA,
3975765,NA,
5705948,NA,
5706001,NA,
5768778,NA,
5769524,NA,
4928270,NA,
1420001,168205,
5530035,NA,
7569365,NA,
5706064,NA,
3561696,NA,
3561548,NA,
3725722,NA,
3975903,NA,
5706054,NA,
3725842,NA,
959087,101491,
3560749,NA,
3975729,NA,
3725848,NA,
5769704,NA,
3561565,NA,
6362947,NA,
5705951,NA,
5252577,NA,
4928266,NA,
3975652,NA,
5706047,NA,
5768774,NA,
3975683,NA,
3725929,NA,
3561612,NA,
3560794,NA,
3561385,NA,
3561248,NA,
3560898,NA,
3975894,NA,
3725812,NA,
5067000,NA,
5706074,NA,
5067005,NA,
3561356,NA,
5067018,NA,
4928246,NA,
3975802,NA,
3975832,NA,
3561530,NA,
5705899,NA,
5706123,NA,
5769498,NA,
5530030,NA,
5067064,NA,
5252558,NA,
5705981,NA,
3975724,NA,
4928241,NA,
1419996,168238,
5769527,NA,
5252581,NA,
5769653,NA,
5067086,NA,
5769768,NA,
5067096,NA,
3560841,NA,
3725693,NA,
3561021,NA,
3560752,NA,
3975636,NA,
3560810,NA,
6682393,NA,
7308701,551930,
3975961,NA,
5768810,NA,
5769504,NA,
5706190,NA,
5530092,NA,
3975898,NA,
5768789,NA,
3975672,NA,
5530024,NA,
5768816,NA,
5768759,NA,
5705984,NA,
5769499,NA,
3975871,NA,
5769782,NA,
959175,101491,
5706049,NA,
5706045,NA,
1420003,168241,
3561048,NA,
3561478,NA,
3975890,NA,
3975760,NA,
3561362,NA,
5252549,NA,
3561334,NA,
5769661,NA,
5706207,NA,
3725761,NA,
3975621,NA,
3975742,NA,
5769549,NA,
5768777,NA,
5436952,219187,
5769655,NA,
3560858,NA,
3975837,NA,
3561276,NA,
3725894,NA,
3561435,NA,
3561318,NA,
3561651,NA,
3560799,NA,
5706023,NA,
3975806,NA,
3975995,NA,
5706090,NA,
5769588,NA,
5769686,NA,
5706200,NA,
3561706,NA,
5368998,NA,
5769863,NA,
3975637,NA,
5706209,NA,
3975948,NA,
3975945,NA,
4928294,NA,
7569349,NA,
3561050,NA,
4928233,NA,
3975899,NA,
5769682,NA,
5252563,NA,
3725809,NA,
3561416,NA,
3561226,NA,
3561626,NA,
3561409,NA,
5706058,NA,
3975864,NA,
5769829,NA,
3975751,NA,
5769518,NA,
5769516,NA,
6362996,NA,
5768747,NA,
5706089,NA,
5253706,NA,
3561669,NA,
4928302,219179,
3975624,NA,
3975641,NA,
5768811,NA,
5253704,NA,
3975799,NA,
3561254,NA,
3975959,NA,
3975623,NA,
5253720,NA,
5769649,NA,
3560767,NA,
7286173,NA,
3561528,NA,
3561473,NA,
3975738,NA,
5067095,NA,
3561381,NA,
5705972,NA,
3975630,NA,
3561678,NA,
5769636,NA,
3561518,NA,
3561441,NA,
3975796,NA,
5706130,NA,
3975708,NA,
5706109,NA,
5769652,NA,
4928231,NA,
3975878,NA,
5253701,NA,
5769617,NA,
6362946,NA,
3561154,NA,
3560866,NA,
3561261,NA,
3725704,NA,
3561498,NA,
5769523,NA,
6363063,NA,
5705954,NA,
3561671,NA,
7569343,NA,
3975671,NA,
5530060,NA,
6362964,NA,
5530045,NA,
5530067,NA,
3975651,NA,
5369002,NA,
6363051,NA,
3561094,NA,
5769634,NA,
5769822,NA,
6363053,NA,
3975954,NA,
5705811,NA,
4928268,NA,
5706119,NA,
4928299,NA,
3560783,NA,
3561177,NA,
1420020,168224,
3561624,NA,
5530036,NA,
5252554,NA,
5706188,NA,
5769625,NA,
3975720,NA,
5769724,NA,
5067082,NA,
5252583,NA,
5769727,NA,
4081134,NA,
3975661,NA,
3725784,NA,
5253711,NA,
5706202,NA,
5769583,NA,
5769502,NA,
5706084,NA,
5706160,NA,
5768742,NA,
4928306,NA,
3725664,NA,
2158357,101467,
5769666,NA,
5769847,NA,
5769743,NA,
5706164,NA,
3560902,NA,
3975862,NA,
3561060,NA,
3561051,NA,
3560873,NA,
3725754,NA,
3561634,NA,
3975744,NA,
3975814,NA,
1420019,168250,
3975648,NA,
3561479,NA,
5769487,NA,
5252587,NA,
4928284,NA,
3725752,NA,
6362965,NA,
5769858,NA,
5768823,NA,
1420012,168248,
5768767,NA,
5530031,NA,
3975811,NA,
5253699,NA,
5706014,NA,
5769663,NA,
3560805,NA,
5705900,NA,
3561101,NA,
3561681,NA,
5768740,NA,
5706081,NA,
5706100,NA,
3561197,NA,
3561598,NA,
3561595,NA,
3725734,NA,
5706118,NA,
3975888,NA,
5706181,NA,
5067078,NA,
5135155,NA,
3725888,NA,
3725715,NA,
5769621,NA,
5067006,NA,
5769870,NA,
5706143,NA,
3561709,NA,
5067083,NA,
4928286,NA,
5769476,NA,
5706169,NA,
5067084,NA,
5253710,NA,
3561136,NA,
3561056,NA,
3561111,NA,
3725961,NA,
3560798,NA,
3561632,NA,
3561500,NA,
5705993,NA,
3725756,NA,
4928262,NA,
5706028,NA,
3975776,NA,
5530066,NA,
5706053,NA,
3975665,NA,
5768821,NA,
5769493,NA,
3561010,NA,
1420016,168223,
5769825,NA,
5530090,NA,
5706172,NA,
5530093,NA,
5769846,NA,
3561281,NA,
3561078,NA,
3561090,NA,
3560765,NA,
3975985,NA,
3725671,NA,
3561387,NA,
3725953,NA,
3561457,NA,
3560724,NA,
3561609,NA,
3561245,NA,
3561495,NA,
3561715,NA,
5706098,NA,
1419997,168198,
5705996,NA,
5769757,NA,
5705969,NA,
5769736,NA,
3975642,NA,
3975843,NA,
3975828,NA,
5530028,NA,
3561599,NA,
3975643,NA,
5706025,NA,
5530037,NA,
3975834,NA,
3975955,NA,
5067059,NA,
4928273,NA,
5706171,NA,
5769689,NA,
4928269,NA,
3561589,NA,
5252604,NA,
5769553,NA,
5067089,NA,
4928326,NA,
5252602,NA,
5252598,NA,
3561370,NA,
3725879,NA,
5769484,NA,
3561057,NA,
3725902,NA,
3975723,NA,
3975789,NA,
5530094,NA,
5768739,NA,
5769763,NA,
5530038,NA,
3560904,NA,
3975682,NA,
5768758,NA,
5705898,NA,
5252579,NA,
5769509,NA,
3561596,NA,
5769489,NA,
5769878,NA,
3975686,NA,
5768764,NA,
5369006,NA,
3561474,NA,
3561642,NA,
6363057,NA,
3560923,NA,
5067068,NA,
5769778,NA,
5769795,NA,
5769598,NA,
3975996,NA,
3560827,NA,
3560843,NA,
5769591,NA,
3725950,NA,
3561210,NA,
3561274,NA,
3561104,NA,
3561222,NA,
3561306,NA,
3561040,NA,
3561264,NA,
3725865,NA,
3975734,NA,
3561652,NA,
3975827,NA,
5706104,NA,
3975804,NA,
5768721,NA,
5769754,NA,
3560862,NA,
5768720,NA,
5769485,NA,
5768754,NA,
5706158,NA,
3561718,NA,
5769883,NA,
3561213,NA,
5067063,NA,
5530048,NA,
3560769,NA,
5768813,NA,
5706076,NA,
5067092,NA,
5067003,NA,
3975677,NA,
5964320,NA,
5769519,NA,
3725922,NA,
5768773,NA,
3560954,NA,
3561016,NA,
3725845,NA,
3560807,NA,
3725789,NA,
3560766,NA,
3561708,NA,
3975743,NA,
3975759,NA,
3561566,NA,
3561289,NA,
4928263,NA,
5705967,NA,
3975881,NA,
3725802,NA,
5530042,NA,
5769709,NA,
3725868,NA,
5706071,NA,
6363062,NA,
5706213,NA,
3975860,NA,
3975679,NA,
3561698,NA,
3975741,NA,
5706037,NA,
1420015,168249,
5706006,NA,
5769623,NA,
5067088,NA,
5706117,NA,
3725836,NA,
5706021,NA,
3725785,NA,
3561443,NA,
3561575,NA,
3561332,NA,
3975819,NA,
3560773,NA,
5705979,NA,
3561541,NA,
3725738,NA,
5706116,NA,
5530055,NA,
5769532,NA,
3561594,NA,
5769651,NA,
5253705,NA,
5769821,NA,
5706042,NA,
3975763,NA,
3975709,NA,
3975631,NA,
5769513,NA,
4928295,NA,
5067039,NA,
3560731,NA,
5067065,NA,
3560800,NA,
3560824,NA,
3975992,NA,
3725828,NA,
3725849,NA,
3561638,NA,
3975757,NA,
3560804,NA,
3725675,NA,
3975792,NA,
3561205,NA,
3975909,NA,
3561534,NA,
5706022,NA,
5769643,NA,
5769880,NA,
5530086,NA,
3561644,NA,
4928229,NA,
5369004,NA,
5253697,NA,
5769657,NA,
4928245,NA,
3561614,NA,
3725867,NA,
3975785,NA,
3561406,NA,
5769662,NA,
3725918,NA,
5067023,NA,
5769807,NA,
3975775,NA,
4928329,NA,
5768828,NA,
3975950,NA,
5769579,NA,
3975659,NA,
5530025,NA,
5253703,NA,
5706179,NA,
3725771,NA,
4928298,NA,
5706056,NA,
5066995,NA,
5436959,219188,
5067090,NA,
3560725,NA,
4928244,NA,
3725942,NA,
3975824,NA,
3725917,NA,
3561200,NA,
3725701,NA,
3561027,NA,
3561680,NA,
5769557,NA,
3975747,NA,
3561636,NA,
5706018,NA,
3975915,NA,
3561587,NA,
3725769,NA,
3561301,NA,
3975927,NA,
5705947,NA,
4928303,219180,
5768749,NA,
5067080,NA,
6362940,NA,
6363046,NA,
5252575,NA,
1419999,168240,
5769648,NA,
5530072,NA,
5769525,NA,
5706035,NA,
5530056,NA,
5530058,NA,
5769578,NA,
6777795,NA,
3975848,NA,
5706157,NA,
5769596,NA,
5706193,NA,
5769850,NA,
5705978,NA,
1420009,168244,
3560865,NA,
5769534,NA,
5917689,NA,
3561585,NA,
3561037,NA,
3561152,NA,
3561256,NA,
3975645,NA,
3725757,NA,
5252560,NA,
5769599,NA,
5705893,NA,
3975816,NA,
6363047,NA,
3561313,NA,
3561560,NA,
3975784,NA,
5706136,NA,
5768822,NA,
5530063,NA,
3975704,NA,
3560948,NA,
5706176,NA,
5769571,NA,
3975739,NA,
3975941,NA,
3560906,NA,
5769633,NA,
5769700,NA,
1420006,168243,
5769563,NA,
5769711,NA,
4928259,NA,
5917690,NA,
3725932,NA,
3561620,NA,
5769872,NA,
5705955,NA,
5706085,NA,
5253721,NA,
5768783,NA,
3561648,NA,
3560987,NA,
3725800,NA,
5769670,NA,
3561697,NA,
3561420,NA,
3561324,NA,
3725786,NA,
3561071,NA,
3975753,NA,
3561655,NA,
5706027,NA,
5530076,NA,
5530054,NA,
5530044,NA,
5769814,NA,
3975721,NA,
5067041,NA,
4928260,NA,
5252586,NA,
3561604,NA,
5252605,NA,
5769775,NA,
6362963,219056,
3975717,NA,
3725697,NA,
5769658,NA,
5530079,NA,
4928238,NA,
5769600,NA,
5706165,NA,
5768800,NA,
6363044,NA,
5769537,NA,
4928221,NA,
3975801,NA,
5706120,NA,
3725736,NA,
5769664,NA,
5706110,NA,
5706066,NA,
3561510,NA,
5768803,NA,
3975866,NA,
5252573,NA,
5769708,NA,
5769679,NA,
3561586,NA,
5530078,NA,
5252570,NA,
6362961,NA,
5769669,NA,
3560744,NA,
5769536,NA,
3561135,NA,
3561268,NA,
5769774,NA,
3725692,NA,
5768829,NA,
3561167,NA,
3561661,NA,
3725805,NA,
3725775,NA,
3975907,NA,
3561464,NA,
3561512,NA,
5769884,NA,
3725908,NA,
3975906,NA,
6363068,NA,
3975660,NA,
5706015,NA,
5769816,NA,
3561712,NA,
4928301,NA,
3560907,NA,
5067056,NA,
5253700,NA,
5769656,NA,
3975926,NA,
5769631,NA,
5768719,NA,
5769811,NA,
5769833,NA,
5769545,NA,
3561079,NA,
5252556,NA,
5768812,NA,
5252553,NA,
5768722,NA,
5768762,NA,
5705973,NA,
4928235,NA,
5768770,NA,
1420011,168214,
5769494,NA,
5706139,NA,
1420005,168251,
3725780,NA,
3561338,NA,
5706094,NA,
3560869,NA,
5769762,NA,
3976002,NA,
3561376,NA,
5066998,NA,
3560985,NA,
3560844,NA,
3725739,NA,
5769699,NA,
7569338,NA,
3561337,NA,
4621207,NA,
5963749,NA,
3975922,NA,
5769796,NA,
3725816,NA,
5706087,NA,
5769556,NA,
5769642,NA,
7308695,218626,
5769554,NA,
5706178,NA,
4928289,219174,
5253713,NA,
3975823,NA,
5769548,NA,
5706041,NA,
6362942,NA,
3561610,NA,
3561581,NA,
3975905,NA,
5769849,NA,
5769558,NA,
4928236,NA,
3725803,NA,
3561568,NA,
5769751,NA,
5769613,NA,
5067049,NA,
3560871,NA,
5706114,NA,
5252566,NA,
3561046,NA,
3725843,NA,
3725804,NA,
5769511,NA,
1420023,168247,
4928257,NA,
3560828,NA,
3725703,NA,
3561359,NA,
3560913,NA,
3975693,NA,
3561576,NA,
3725863,NA,
3975887,NA,
3975774,NA,
5769742,NA,
3975822,NA,
5769533,NA,
5067033,NA,
3725837,NA,
3560772,NA,
5768723,NA,
5369001,NA,
3561293,NA,
5769750,NA,
5706153,NA,
5253702,NA,
3561564,NA,
3725792,NA,
5706198,NA,
5252580,NA,
5705991,NA,
4928267,NA,
5706059,NA,
5769482,NA,
4928232,NA,
3560816,NA,
3561018,NA,
5769853,NA,
3975748,NA,
3560914,NA,
7286182,NA,
3561159,NA,
3561328,NA,
5252601,NA,
3975854,NA,
3561571,NA,
5769681,NA,
3725720,NA,
3561326,NA,
3975921,NA,
3975680,NA,
3725783,NA,
3975910,NA,
3561285,NA,
3561662,NA,
5768805,NA,
3975781,NA,
3560855,NA,
5768736,NA,
3561251,NA,
7286184,NA,
7286174,NA,
5769781,NA,
5768780,NA,
5705943,NA,
5067045,NA,
5438818,219183,
5067071,NA,
5530043,NA,
5769521,NA,
5530082,NA,
5769882,NA,
4928280,NA,
5067062,NA,
3725831,NA,
3725744,NA,
3725806,NA,
3725770,NA,
5706132,NA,
3725670,NA,
3725660,NA,
3561686,NA,
3561694,NA,
3975668,NA,
3561253,NA,
3561411,NA,
5706162,NA,
959124,101455,
5530062,NA,
5530065,NA,
5769538,NA,
3975762,NA,
5769510,NA,
1419998,168239,
3725698,NA,
5769581,NA,
959025,101455,
4928248,NA,
4928281,NA,
3725796,NA,
3975892,NA,
5769839,NA,
3561354,NA,
3725931,NA,
5705976,NA,
3561346,NA,
3560740,NA,
5705952,NA,
3561656,NA,
5769605,NA,
5706152,NA,
5253696,NA,
5769573,NA,
3561204,NA,
5768795,NA,
5769620,NA,
3975839,NA,
3560999,NA,
5769749,NA,
3560917,NA,
3560836,NA,
7211429,NA,
6266361,NA,
3975949,NA,
3725971,NA,
3561323,NA,
5769520,NA,
3560784,NA,
3975809,NA,
3561390,NA,
3975675,NA,
5067050,NA,
5705995,NA,
4928282,NA,
7286175,NA,
5769889,NA,
5530033,NA,
3975694,NA,
5706092,NA,
3975650,NA,
5067040,NA,
3561394,NA,
4928327,NA,
5252593,NA,
5768787,NA,
3561573,NA,
6362938,NA,
5768799,NA,
3975938,NA,
5769777,NA,
3975639,NA,
5530091,NA,
5769488,NA,
5066999,NA,
5706050,NA,
5706024,NA,
5769871,NA,
5769758,NA,
5768820,NA,
3561494,NA,
7569353,NA,
5706142,NA,
3561041,NA,
3561170,NA,
3560997,NA,
5252591,NA,
5706095,NA,
5067046,NA,
5769619,NA,
5706184,NA,
5769680,NA,
5768784,NA,
3560937,NA,
3561380,NA,
3561097,NA,
959176,101493,
3725689,NA,
5768730,NA,
5768785,NA,
5706210,NA,
4928333,NA,
5769503,NA,
4928290,219182,
4928250,219051,
5706055,NA,
5768743,NA,
3725723,NA,
5769582,NA,
3975889,NA,
5768808,NA,
3975963,NA,
3561492,NA,
3561578,NA,
5769867,NA,
3725834,NA,
5768779,NA,
3975931,NA,
5438777,219091,
5706112,NA,
5530046,NA,
3975634,NA,
3561627,NA,
5530057,NA,
5769590,NA,
5769808,NA,
5706208,NA,
5769547,NA,
5769715,NA,
3975808,NA,
3560735,NA,
5769529,NA,
4928228,NA,
5769684,NA,
5768766,NA,
3560939,NA,
3975978,NA,
3560853,NA,
3561002,NA,
3975970,NA,
3975794,NA,
3560797,NA,
3725794,NA,
3725974,NA,
5769592,NA,
5706072,NA,
5769673,NA,
5706155,NA,
6362966,NA,
3725767,NA,
5706105,NA,
3561330,NA,
3725728,NA,
3561165,NA,
3725954,NA,
5706183,NA,
5769834,NA,
5769701,NA,
3561475,NA,
3561577,NA,
3561446,NA,
3561670,NA,
3561546,NA,
3975838,NA,
1420018,168220,
3725733,NA,
3561430,NA,
5768801,NA,
3975687,NA,
3561703,NA,
5706144,NA,
5769595,NA,
3975829,NA,
3975895,NA,
5769654,NA,
6363069,NA,
3561162,NA,
7286186,NA,
5067072,NA,
5769726,NA,
3975896,NA,
5705998,NA,
5530051,NA,
3975981,NA,
5768772,NA,
5769745,NA,
6363050,NA,
5253714,NA,
5769875,NA,
5769587,NA,
5253698,NA,
5530081,NA,
5769645,NA,
7639088,NA,
3725904,NA,
3561196,NA,
5769739,NA,
5705968,NA,
3560901,NA,
6377545,NA,
3560893,NA,
5706067,NA,
959050,101452,
5769799,NA,
6362956,219089,
3560955,NA,
3561132,NA,
5769541,NA,
3725746,NA,
3561690,NA,
3725791,NA,
3975969,NA,
3560753,NA,
4928224,NA,
3725850,NA,
3725742,NA,
3975740,NA,
5706039,NA,
3561202,NA,
3725714,NA,
3561171,NA,
4928297,NA,
3725919,NA,
3975865,NA,
5706145,NA,
5530032,NA,
3560793,NA,
3975918,NA,
5706033,NA,
3561567,NA,
3975705,NA,
5706019,NA,
5769593,NA,
5769721,NA,
3975902,NA,
3561437,NA,
3975726,NA,
3975685,NA,
3975883,NA,
5769773,NA,
3560821,NA,
6363064,NA,
5253708,NA,
5706168,NA,
5769854,NA,
3560847,NA,
5769539,NA,
4928234,NA,
6362999,NA,
3560958,NA,
3561453,NA,
5769691,NA,
5769845,NA,
5706031,NA,
5530053,NA,
5252607,NA,
5769597,NA,
5769483,NA,
3560741,NA,
5530068,NA,
5253715,NA,
3975786,NA,
5769491,NA,
3561529,NA,
5530074,NA,
3561348,NA,
5769823,NA,
5769512,NA,
5769888,NA,
3561150,NA,
5769667,NA,
5769496,NA,
5368996,NA,
5530073,NA,
3561006,NA,
5769734,NA,
3975980,NA,
5769759,NA,
4928220,NA,
5768756,NA,
3560976,NA,
5067074,NA,
5067012,NA,
5768731,NA,
3975853,NA,
3560840,NA,
5769497,NA,
5769860,NA,
959145,101453,
5705810,NA,
3975692,NA,
5769702,NA,
7372282,NA,
5253707,NA,
7308698,265253,
5706115,NA,
3975716,NA,
5706185,NA,
3560986,NA,
3560867,NA,
3560899,NA,
3561036,NA,
3725871,NA,
3725912,NA,
3561272,NA,
3725906,NA,
3560860,NA,
3725748,NA,
3725952,NA,
5706154,NA,
5769637,NA,
3561374,NA,
3725732,NA,
5252562,NA,
6362944,NA,
5768745,NA,
3561485,NA,
5067025,NA,
5769725,NA,
3561532,NA,
3561269,NA,
3560781,NA,
3561557,NA,
3975958,NA,
3561263,NA,
4928254,NA,
5769769,NA,
3560835,NA,
3561344,NA,
5067061,NA,
3975936,NA,
5769692,NA,
3725751,NA,
3561472,NA,
3561042,NA,
5917691,NA,
5067076,NA,
5769687,NA,
5067037,NA,
5706088,NA,
5769746,NA,
5067030,NA,
3560846,NA,
5769614,NA,
4928292,NA,
5706166,NA,
4928265,NA,
4928293,NA,
3560895,NA,
5769802,NA,
3561067,NA,
3561086,NA,
5252597,NA,
3725959,NA,
5252600,NA,
3561639,NA,
3561405,NA,
3725680,NA,
5706141,NA,
5252590,NA,
3561468,NA,
3975778,NA,
5066996,NA,
5705990,NA,
3560792,NA,
5769568,NA,
3975676,NA,
3975844,NA,
5769730,NA,
3561241,NA,
3560854,NA,
3975831,NA,
5530069,NA,
3975783,NA,
5769602,NA,
5438778,219176,
3975670,NA,
6363043,NA,
3975873,NA,
3975663,NA,
5706017,NA,
4928283,219071,
5706138,NA,
3975870,NA,
5768726,NA,
3975965,NA,
4928252,NA,
5706107,NA,
3561619,NA,
5769569,NA,
3975920,NA,
4928325,NA,
3561617,NA,
3725962,NA,
5769506,NA,
5706032,NA,
6362998,NA,
5067022,NA,
3561645,NA,
3560750,NA,
5252596,NA,
3560857,NA,
5252564,NA,
3560746,NA,
3561206,NA,
3561258,NA,
3561421,NA,
3561024,NA,
3560818,NA,
3561461,NA,
3561340,NA,
3725854,NA,
3561233,NA,
5067024,NA,
5768733,NA,
3561673,NA,
3561603,NA,
3725852,NA,
3561393,NA,
3561249,NA,
3561649,NA,
3561488,NA,
3560831,NA,
3561714,NA,
3561667,NA,
3561524,NA,
5530059,NA,
4928230,NA,
3975657,NA,
3975884,NA,
5706096,NA,
3560729,NA,
3975655,NA,
3725976,NA,
3975913,NA,
5067067,NA,
5768757,NA,
3561143,NA,
3561022,NA,
5769552,NA,
5705971,NA,
5769609,NA,
5768791,NA,
5067057,NA,
3975968,NA,
5769522,NA,
5706011,NA,
4928291,NA,
5769804,NA,
5252576,NA,
1420007,168210,
6363066,NA,
5769492,NA,
5067002,NA,
5705894,NA,
5769644,NA,
3975638,NA,
5706106,NA,
5769665,NA,
4928239,NA,
3560845,NA,
3975983,NA,
3561180,NA,
3561139,NA,
3976004,NA,
5769584,NA,
5252608,NA,
3725731,NA,
5067004,NA,
3561654,NA,
3561427,NA,
3561005,NA,
5706061,NA,
3725947,NA,
5705902,NA,
3561486,NA,
5768792,NA,
3725872,NA,
3561383,NA,
4081131,NA,
3561372,NA,
3725905,NA,
3975749,NA,
3725663,NA,
3975880,NA,
5706147,NA,
5768725,NA,
3975695,NA,
3561561,NA,
5769859,NA,
5706044,NA,
5768807,NA,
3975833,NA,
3975911,NA,
5769728,NA,
3561618,NA,
3561490,NA,
5769555,NA,
5768806,NA,
5769671,NA,
5768781,NA,
3561553,NA,
5769550,NA,
5530039,NA,
5706129,NA,
5706052,NA,
5769540,NA,
5769732,NA,
5706007,NA,
3560839,NA,
3560885,NA,
3561163,NA,
3560812,NA,
3561270,NA,
3725721,NA,
3725699,NA,
4081128,NA,
3561292,NA,
3725760,NA,
3725687,NA,
3560870,NA,
3725878,NA,
3561364,NA,
5768814,NA,
5769830,NA,
5066994,NA,
3561415,NA,
3561629,NA,
3561590,NA,
5769857,NA,
3561466,NA,
3975835,NA,
5769716,NA,
5706046,NA,
5769585,NA,
3975825,NA,
6362962,219077,
3561672,NA,
3975964,NA,
3561657,NA,
5706151,NA,
5705896,NA,
3560756,NA,
5706062,NA,
5067038,NA,
3725933,NA,
5769879,NA,
5769812,NA,
3561549,NA,
3975719,NA,
5768761,NA,
5706083,NA,
5769577,NA,
5706146,NA,
5067069,NA,
3560785,NA,
3975746,NA,
3561109,NA,
3561183,NA,
3560952,NA,
6363067,NA,
3976003,NA,
3560833,NA,
3560789,NA,
3975994,NA,
3561388,NA,
5067044,NA,
5067048,NA,
3561280,NA,
3561229,NA,
3725710,NA,
5769827,NA,
5769627,NA,
5769560,NA,
3725773,NA,
5253727,NA,
5706038,NA,
3561217,NA,
5769674,NA,
5705966,NA,
4928237,NA,
5769719,NA,
3975625,NA,
3975855,NA,
3725719,NA,
3561073,NA,
5706057,NA,
3561643,NA,
5769788,NA,
3561084,NA,
5706148,NA,
5067017,NA,
5705905,NA,
5706013,NA,
3975800,NA,
3561069,NA,
5252559,NA,
3561579,NA,
5769572,NA,
5769626,NA,
5769862,NA,
5705987,NA,
5706075,NA,
3561068,NA,
3975859,NA,
3561691,NA,
3725666,NA,
6363060,NA,
5769611,NA,
5252595,NA,
3561134,NA,
3561129,NA,
3560819,NA,
4928261,NA,
3560946,NA,
5706086,NA,
3560856,NA,
3560788,NA,
3975988,NA,
3725694,NA,
3975975,NA,
3561179,NA,
5769481,NA,
3725826,NA,
5530085,NA,
5252584,NA,
3561193,NA,
5706111,NA,
3561252,NA,
3561452,NA,
5706186,NA,
5530070,NA,
3561481,NA,
3561509,NA,
5705983,NA,
5769676,NA,
3561503,NA,
5769632,NA,
3975942,NA,
5067013,NA,
4033623,NA,
3975755,NA,
3975782,NA,
3975688,NA,
3975869,NA,
3975861,NA,
3725797,NA,
3975772,NA,
959051,101453,
4928276,NA,
3561123,NA,
5769828,NA,
5706175,NA,
5769615,NA,
1420021,168209,
3561555,NA,
6362997,NA,
5530047,NA,
5530029,NA,
5067015,NA,
5530049,NA,
4928275,219177,
5067035,NA,
3560944,NA,
3725672,NA,
3560825,NA,
5769806,NA,
3975701,NA,
3561082,NA,
3561138,NA,
3560929,NA,
3725778,NA,
5769589,NA,
3725864,NA,
3725706,NA,
3725763,NA,
3561300,NA,
3725851,NA,
3975957,NA,
3725747,NA,
7211430,NA,
3561290,NA,
5769838,NA,
3725903,NA,
3560803,NA,
3561569,NA,
5706005,NA,
3725656,NA,
3560832,NA,
3561284,NA,
3561345,NA,
3975722,NA,
3975773,NA,
959122,100616,
3975826,NA,
5706161,NA,
3975627,NA,
3561707,NA,
3725772,NA,
3561305,NA,
5067047,NA,
3561621,NA,
3561308,NA,
3561502,NA,
5706068,NA,
5768765,NA,
5706205,NA,
5769500,NA,
5530088,NA,
4928258,NA,
5252565,NA,
5530089,NA,
1420000,168201,
3975813,NA,
3561537,NA,
4928274,NA,
5705904,NA,
3560941,NA,
3561107,NA,
4928251,NA,
7286171,NA,
3561187,NA,
3725927,NA,
3725893,NA,
3725858,NA,
3560782,NA,
3725907,NA,
3560761,NA,
3725662,NA,
5769544,NA,
5252592,NA,
3561244,NA,
3725940,NA,
5706211,NA,
5769566,NA,
5706131,NA,
3725684,NA,
3561398,NA,
5067026,NA,
3561597,NA,
5706197,NA,
5769517,NA,
3725822,NA,
3725735,NA,
5253722,NA,
5530071,NA,
5706008,NA,
5769720,NA,
3725676,NA,
3561429,NA,
5706140,NA,
5769531,NA,
3561547,NA,
3975698,NA,
3561296,NA,
5530075,NA,
3725711,NA,
5253717,NA,
4928331,NA,
3975745,NA,
5067060,NA,
3561527,NA,
3561265,NA,
5530080,NA,
5769490,NA,
3975962,NA,
5706167,NA,
5769678,NA,
5530023,NA,
5768751,NA,
3725949,NA,
5769772,NA,
3975703,NA,
5530027,NA,
3561601,NA,
5067073,NA,
5769505,NA,
6362948,NA,
3975750,NA,
5768748,NA,
3560990,NA,
5769852,NA,
3560801,NA,
5705992,NA,
5706173,NA,
3561353,NA,
3561445,NA,
3725833,NA,
3561141,NA,
3561397,NA,
3725758,NA,
3561012,NA,
3725883,NA,
3561659,NA,
5769618,NA,
3560909,NA,
6869856,NA,
5706182,NA,
5769848,NA,
3560837,NA,
3561314,NA,
3725914,NA,
5769562,NA,
3561242,NA,
5706113,NA,
3561368,NA,
5769779,NA,
3561600,NA,
5769607,NA,
5769622,NA,
3560727,NA,
3975937,NA,
3975932,NA,
3561496,NA,
3560786,NA,
3561019,NA,
3561606,NA,
3560920,NA,
3561418,NA,
3975737,NA,
5769873,NA,
3975960,NA,
5768753,NA,
5769668,NA,
3561704,NA,
3975678,NA,
5769601,NA,
3561679,NA,
3560916,NA,
3975893,NA,
5769752,NA,
3560938,NA,
5252555,NA,
5253716,NA,
3561693,NA,
5769764,NA,
5769731,NA,
5067028,NA,
3976005,NA,
5706128,NA,
5769561,NA,
5769818,NA,
3560905,NA,
3561026,NA,
3976001,NA,
3975998,NA,
3975973,NA,
7286177,NA,
5769647,NA,
3561198,NA,
3725915,NA,
3560733,NA,
3560850,NA,
3725696,NA,
5706170,NA,
3725886,NA,
3560998,NA,
3561402,NA,
3561637,NA,
3725820,NA,
5769495,NA,
5769717,NA,
5769659,NA,
3725762,NA,
3561602,NA,
3725938,NA,
5706026,NA,
5769831,NA,
5706192,NA,
3561351,NA,
3561291,NA,
3561140,NA,
3975891,NA,
5769530,NA,
5706121,NA,
3975946,NA,
3561049,NA,
3975768,NA,
3561628,NA,
5769635,NA,
5769761,NA,
3975900,NA,
3561218,NA,
5768735,NA,
5705974,NA,
5530077,NA,
3975712,NA,
5067031,NA,
5421463,219186,
5768734,NA,
3561625,NA,
3561000,NA,
5706000,NA,
5705986,NA,
5769576,NA,
3561499,NA,
3561052,NA,
3560863,NA,
3560884,NA,
3975974,NA,
3560960,NA,
3561004,NA,
5067052,NA,
5769869,NA,
3725817,NA,
5768746,NA,
5706203,NA,
3725776,NA,
5769528,NA,
6363059,NA,
3561108,NA,
3561538,NA,
3725896,NA,
3561425,NA,
5769660,NA,
5769797,NA,
1420004,168209,
5769586,NA,
3975904,NA,
3560934,NA,
5252550,NA,
3561716,NA,
5768796,NA,
3975966,NA,
3975790,NA,
3975788,NA,
3725685,NA,
5067079,NA,
3561674,NA,
6363054,NA,
5067091,NA,
3975812,NA,
959023,100616,
5706108,NA,
5705895,NA,
4928243,NA,
3975761,NA,
1420022,168251,
5769826,NA,
3560790,NA,
3561151,NA,
3560849,NA,
3975984,NA,
3561100,NA,
3561282,NA,
3560947,NA,
5769832,NA,
3560770,NA,
5769672,NA,
3561011,NA,
5706082,NA,
5067055,NA,
3561064,NA,
5067011,NA,
4928278,NA,
5706079,NA,
3561178,NA,
3975752,NA,
3975732,NA,
3975846,NA,
3560912,NA,
6362936,NA,
4928223,NA,
5706097,NA,
3561237,NA,
5706189,NA,
3561463,NA,
5768728,NA,
3975656,NA,
3975632,NA,
3560883,NA,
3975987,NA,
5768727,NA,
5768824,NA,
5252589,NA,
5706149,NA,
3561542,NA,
3975830,NA,
5706003,NA,
5706029,NA,
4928277,NA,
3560751,NA,
5768741,NA,
5769693,NA,
5253719,NA,
3560826,NA,
3560736,NA,
3561220,NA,
3561147,NA,
3561164,NA,
3561371,NA,
5706078,NA,
3560806,NA,
3975986,NA,
5769630,NA,
5769792,NA,
3561480,NA,
5706048,NA,
5706099,NA,
3560815,NA,
3560950,NA,
3725889,NA,
3561044,NA,
5769842,NA,
3975815,NA,
3561668,NA,
3561570,NA,
5067054,NA,
5769546,NA,
3560891,NA,
3975989,NA,
5769877,NA,
3975666,NA,
3725753,NA,
3560940,NA,
3975908,NA,
3561054,NA,
5705980,NA,
5706137,NA,
3975769,NA,
3975706,NA,
3561519,NA,
3561511,NA,
6363045,NA,
5768763,NA,
5769820,NA,
5769486,NA,
3560992,NA,
5769603,NA,
3560779,NA,
3561095,NA,
3560808,NA,
3560776,NA,
3561408,NA,
3560979,NA,
3725759,NA,
3561312,NA,
3725707,NA,
3561404,NA,
3561695,NA,
3725787,NA,
3561075,NA,
5705957,NA,
5769515,NA,
3561327,NA,
3975733,NA,
5769760,NA,
5706069,NA,
3561001,NA,
3725890,NA,
5705958,NA,
5706191,NA,
3725688,NA,
5705949,NA,
5769755,NA,
5769791,NA,
3561142,NA,
3975867,NA,
3975626,NA,
3561008,NA,
7569401,NA,
6362935,NA,
4081132,NA,
1420002,168206,
3975934,NA,
3561665,NA,
5706204,NA,
3561497,NA,
4928253,NA,
3561545,NA,
5067007,NA,
5769837,NA,
5067058,NA,
5067032,NA,
3560796,NA,
3560823,NA,
3561092,NA,
3560852,NA,
3560829,NA,
3561099,NA,
3561476,NA,
3725677,NA,
3561122,NA,
3561544,NA,
5769809,NA,
5705970,NA,
5769705,NA,
5769628,NA,
5769753,NA,
5706010,NA,
3561685,NA,
3975872,NA,
3725876,NA,
3561297,NA,
3561647,NA,
5769738,NA,
3561633,NA,
5530050,NA,
3561460,NA,
3561699,NA,
3975803,NA,
3975845,NA,
5769855,NA,
3561543,NA,
3561400,NA,
3975849,NA,
3561120,NA,
3975730,NA,
3975939,NA,
5769735,NA,
5769803,NA,
3975933,NA,
5769770,NA,
3560728,NA,
5067042,NA,
5769824,NA,
3560897,NA,
3560830,NA,
5769478,NA,
3560910,NA,
3560809,NA,
3561133,NA,
3975689,NA,
3725827,NA,
5252599,NA,
3561160,NA,
3560943,NA,
3725813,NA,
3725870,NA,
3561035,NA,
5438817,219175,
3561077,NA,
5067097,NA,
3975916,NA,
3725835,NA,
3725682,NA,
5768809,NA,
5706195,NA,
5769688,NA,
5769866,NA,
5530084,NA,
3561015,NA,
3561216,NA,
3561666,NA,
5706080,NA,
5067014,NA,
3975914,NA,
5067034,NA,
5769805,NA,
3561631,NA,
5768825,NA,
3561053,NA,
3560864,NA,
3561188,NA,
3561025,NA,
6362957,NA,
3725897,NA,
3561149,NA,
3561432,NA,
5705994,NA,
3725782,NA,
5705959,NA,
3975967,NA,
3725970,NA,
3561506,NA,
3725790,NA,
5769886,NA,
5769690,NA,
3561295,NA,
5067081,NA,
3561650,NA,
5705953,NA,
3975780,NA,
3561525,NA,
3975764,NA,
3725691,NA,
5769551,NA,
3561683,NA,
3561684,NA,
5769564,NA,
3975633,NA,
3560754,NA,
3975673,NA,
3561118,NA,
5769508,NA,
3561186,NA,
3560822,NA,
3561116,NA,
3560743,NA,
3561081,NA,
3560742,NA,
3561439,NA,
3561257,NA,
3560755,NA,
3561065,NA,
5769841,NA,
3725910,NA,
3561190,NA,
3725860,NA,
3725795,NA,
3561449,NA,
3725815,NA,
3561536,NA,
5706174,NA,
5705901,NA,
5768819,NA,
3725895,NA,
3561260,NA,
3725823,NA,
3561664,NA,
5768827,NA,
3725743,NA,
5768750,NA,
3975840,NA,
3561456,NA,
5768817,NA,
5769707,NA,
5706043,NA,
3561489,NA,
3561593,NA,
5253712,NA,
5253718,NA,
5769876,NA,
3561271,NA,
5769868,NA,
3560774,NA,
959088,101493,
5769646,NA,
3561467,NA,
3975707,NA,
5769885,NA,
3561121,NA,
3975972,NA,
3725882,NA,
3975714,NA,
3561607,NA,
3561194,NA,
3561352,NA,
3975897,NA,
6377548,NA,
3561605,NA,
5706122,NA,
5706133,NA,
3561682,NA,
3975710,NA,
3561238,NA,
3975797,NA,
5769641,NA,
3561384,NA,
3561608,NA,
5769710,NA,
3725891,NA,
5706063,NA,
5706199,NA,
5706103,NA,
3975653,NA,
5706101,NA,
5705999,NA,
3975917,NA,
3560813,NA,
3725857,NA,
3975798,NA,
3561663,NA,
3975664,NA,
3561033,NA,
3560959,NA,
3561358,NA,
3725674,NA,
3561106,NA,
3725788,NA,
3725819,NA,
3561192,NA,
3725844,NA,
3725702,NA,
5706127,NA,
3561513,NA,
3561501,NA,
3561522,NA,
3975821,NA,
5253723,NA,
3725884,NA,
4787792,NA,
5706065,NA,
5769616,NA,
5769741,NA,
3561102,NA,
3561080,NA,
3975756,NA,
5368995,NA,
3975810,NA,
5768737,NA,
5705944,NA,
3561677,NA,
3560820,NA,
3975644,NA,
3560942,NA,
3560842,NA,
3560739,NA,
3561176,NA,
3561087,NA,
3560814,NA,
3560780,NA,
3561110,NA,
7569358,NA,
3725695,NA,
3560936,NA,
3561259,NA,
3725749,NA,
3725717,NA,
3561088,NA,
3561208,NA,
5706051,NA,
3975629,NA,
3561320,NA,
3561483,NA,
3561419,NA,
3725724,NA,
3725926,NA,
3560975,NA,
5253724,NA,
3725943,NA,
3561357,NA,
3561507,NA,
5769606,NA,
5769748,NA,
5769706,NA,
3561433,NA,
3975882,NA,
3561640,NA,
3561173,NA,
3975856,NA,
3561093,NA,
3975850,NA,
5067087,NA,
5067021,NA,
5769798,NA,
6363052,NA,
4928287,NA,
4081130,NA,
3725713,NA,
3725937,NA,
3561377,NA,
3975727,NA,
3975770,NA,
5705809,NA,
3725921,NA,
3561014,NA,
5769604,NA,
3725901,NA,
3975715,NA,
3561535,NA,
5706002,NA,
5768752,NA,
5768804,NA,
5769874,NA,
3560927,NA,
3561124,NA,
3560978,NA,
3725686,NA,
3561240,NA,
3561361,NA,
3561013,NA,
3725774,NA,
3725935,NA,
5769800,NA,
3725880,NA,
3725832,NA,
5706125,NA,
3561239,NA,
3561287,NA,
3561315,NA,
5436974,219189,
3561410,NA,
5769629,NA,
3725678,NA,
5067066,NA,
1419995,168146,
5768738,NA,
5067010,NA,
5769780,NA,
4928249,NA,
3561526,NA,
3975718,NA,
3975868,NA,
5252578,NA,
3560880,NA,
3975940,NA,
5705812,NA,
5706134,NA,
3975852,NA,
5067053,NA,
3561554,NA,
3561232,NA,
5769840,NA,
3560887,NA,
3561085,NA,
5768744,NA,
3561158,NA,
5252606,NA,
3975999,NA,
3561030,NA,
5705960,NA,
3725807,NA,
3725765,NA,
3561471,NA,
3561166,NA,
3561288,NA,
5769535,NA,
5769514,NA,
5769733,NA,
5706180,NA,
3561309,NA,
5769817,NA,
3561366,NA,
5067020,NA,
3561342,NA,
3561458,NA,
3975795,NA,
3975928,NA,
3560924,NA,
5769861,NA,
5252561,NA,
3975754,NA,
3561660,NA,
3561020,NA,
5135160,NA,
3560778,NA,
3561182,NA,
3560915,NA,
3560919,NA,
3560877,NA,
3561225,NA,
7470946,NA,
3561444,NA,
3560963,NA,
3560922,NA,
3725861,NA,
3725909,NA,
4081129,NA,
3561413,NA,
3975735,NA,
3975842,NA,
5706036,NA,
3561417,NA,
3560894,NA,
3561389,NA,
5706163,NA,
3561623,NA,
3975876,NA,
5769851,NA,
5769703,NA,
3975877,NA,
3561580,NA,
4928304,219172,
3975836,NA,
3975779,NA,
3561091,NA,
3975858,NA,
3975820,NA,
3561676,NA,
3561146,NA,
3561181,NA,
3561125,NA,
3561114,NA,
3561031,NA,
3725718,NA,
3561322,NA,
3561450,NA,
3561250,NA,
3561074,NA,
3725944,NA,
3561355,NA,
3561386,NA,
5530041,NA,
3725681,NA,
3561277,NA,
3561298,NA,
3725667,NA,
5769580,NA,
5768794,NA,
3725824,NA,
3560977,NA,
4928247,NA,
3561215,NA,
3561688,NA,
3975649,NA,
3560726,NA,
3561558,NA,
3560872,NA,
5769638,NA,
3561156,NA,
3560763,NA,
3975971,NA,
3560918,NA,
3560945,NA,
3560957,NA,
3561144,NA,
3561209,NA,
3561658,NA,
3561341,NA,
3725712,NA,
5769526,NA,
3975777,NA,
5769574,NA,
5769698,NA,
5769612,NA,
3561423,NA,
3561591,NA,
3975702,NA,
3561307,NA,
3725755,NA,
3560965,NA,
3561533,NA,
3975690,NA,
5769766,NA,
5706156,NA,
5769793,NA,
3560737,NA,
3560900,NA,
3561103,NA,
3561199,NA,
3725777,NA,
3561378,NA,
4928255,NA,
5421460,219184,
3560995,NA,
3725661,NA,
3561687,NA,
3561310,NA,
3725892,NA,
3725799,NA,
5768776,NA,
3561227,NA,
5769639,NA,
3561572,NA,
3975930,NA,
3560921,NA,
5769729,NA,
5769740,NA,
3561063,NA,
3560931,NA,
3561113,NA,
3561009,NA,
3560879,NA,
3560777,NA,
3561161,NA,
3725730,NA,
3560876,NA,
3561321,NA,
7418473,215153,
3561713,NA,
3725859,NA,
3561325,NA,
3725966,NA,
3975919,NA,
3561382,NA,
5067094,NA,
3725887,NA,
3725846,NA,
3975635,NA,
3561504,NA,
3975728,NA,
5706150,NA,
5252567,NA,
3561428,NA,
3560759,NA,
6363048,NA,
4928305,219185,
3560967,NA,
3560747,NA,
3560973,NA,
3560811,NA,
3725705,NA,
3725862,NA,
3560951,NA,
3561058,NA,
3725709,NA,
3725683,NA,
3725741,NA,
3725856,NA,
3561230,NA,
5768788,NA,
3561399,NA,
3561169,NA,
3561455,NA,
3725737,NA,
3975667,NA,
3561717,NA,
3561469,NA,
3725725,NA,
5769543,NA,
3561363,NA,
3561076,NA,
3725669,NA,
1420024,168220,
5706091,NA,
3561039,NA,
3975912,NA,
3560748,NA,
3725853,NA,
3560933,NA,
3725801,NA,
3561029,NA,
3561246,NA,
5769714,NA,
3560859,NA,
3725740,NA,
3560896,NA,
3725830,NA,
3561089,NA,
3560802,NA,
3725668,NA,
5769723,NA,
3561369,NA,
3561482,NA,
5252603,NA,
5769685,NA,
3561339,NA,
3561401,NA,
3975620,NA,
3560787,NA,
3561145,NA,
3561062,NA,
3561153,NA,
3560874,NA,
3561127,NA,
3560930,NA,
3561189,NA,
3561517,NA,
3725657,NA,
5768798,NA,
5768732,NA,
5706102,NA,
3725900,NA,
3561447,NA,
7286180,NA,
3725841,NA,
5769771,NA,
3975874,NA,
5706070,NA,
959144,101452,
5067009,NA,
5769640,NA,
3560745,NA,
3560949,NA,
3560966,NA,
3561070,NA,
3560838,NA,
3975658,NA,
5706201,NA,
3561128,NA,
3561451,NA,
3561611,NA,
3725875,NA,
3561072,NA,
3975977,NA,
3561551,NA,
3560991,NA,
3561505,NA,
3561702,NA,
5769565,NA,
3561175,NA,
3561333,NA,
959105,101509,
3561514,NA,
5067043,NA,
3560908,NA,
3561174,NA,
3560961,NA,
3561117,NA,
3560723,NA,
3561003,NA,
3975976,NA,
5769819,NA,
3560981,NA,
3561007,NA,
3725727,NA,
3561172,NA,
3725745,NA,
3560994,NA,
3561508,NA,
3725814,NA,
5067001,NA,
3975767,NA,
3561448,NA,
5706004,NA,
3561412,NA,
5769507,NA,
5769810,NA,
3561477,NA,
3561155,NA,
3561115,NA,
3725885,NA,
3560881,NA,
3975991,NA,
3561224,NA,
3561191,NA,
5769480,NA,
3561349,NA,
5769479,NA,
5769747,NA,
3725659,NA,
3725869,NA,
3561286,NA,
5705989,NA,
5369003,NA,
3561231,NA,
3561083,NA,
3561436,NA,
3561137,NA,
3560974,NA,
3561055,NA,
3561212,NA,
3725840,NA,
3725963,NA,
5769683,NA,
3561635,NA,
3725977,NA,
3561653,NA,
3725920,NA,
3975622,NA,
5769856,NA,
5769567,NA,
3561493,NA,
3975691,NA,
3561392,NA,
3725811,NA,
3560771,NA,
3975924,NA,
962237,175270,
3975851,NA,
3560983,NA,
3975674,NA,
3561066,NA,
3975990,NA,
3560928,NA,
3560993,NA,
3560996,NA,
3725911,NA,
3725838,NA,
3561700,NA,
3561379,NA,
5769765,NA,
2244979,NA,
5768755,NA,
3561319,NA,
3975885,NA,
3561516,NA,
3561043,NA,
3725958,NA,
3561470,NA,
3725923,NA,
3725779,NA,
3725768,NA,
3561317,NA,
3561583,NA,
3561316,NA,
5706187,NA,
4928285,NA,
3560956,NA,
3561255,NA,
3975681,NA,
5769608,NA,
3561201,NA,
3561523,NA,
3560762,NA,
3560795,NA,
3560768,NA,
3561422,NA,
3561223,NA,
3561119,NA,
3560964,NA,
3725898,NA,
3560878,NA,
3561424,NA,
3561442,NA,
5769815,NA,
3561228,NA,
3975886,NA,
3561148,NA,
2158356,101467,
3560834,NA,
3560970,NA,
3561017,NA,
3561045,NA,
3561484,NA,
3561275,NA,
3725913,NA,
3561235,NA,
3560982,NA,
3561491,NA,
3561431,NA,
3561559,NA,
3560875,NA,
3560868,NA,
3561185,NA,
3561247,NA,
3561184,NA,
3725825,NA,
3725839,NA,
3560861,NA,
3561126,NA,
1420014,168219,
3561203,NA,
3561434,NA,
3560848,NA,
3561294,NA,
3725946,NA,
3725729,NA,
3561105,NA,
3561211,NA,
3975646,NA,
3561375,NA,
3561059,NA,
3561130,NA,
3725965,NA,
3560984,NA,
3561459,NA,
3975684,NA,
3561234,NA,
3561243,NA,
3561552,NA,
5769718,NA,
3561096,NA,
3561131,NA,
3725665,NA,
3561438,NA,
5769542,NA,
3561556,NA,
3561367,NA,
3561622,NA,
3560926,NA,
3725877,NA,
3561329,NA,
3725925,NA,
3561283,NA,
3975997,NA,
3560935,NA,
3560730,NA,
3561299,NA,
3561343,NA,
3725821,NA,
3725829,NA,
3561331,NA,
3725899,NA,
3975771,NA,
3561168,NA,
3561219,NA,
3561615,NA,
3975697,NA,
3561373,NA,
3561426,NA,
3561034,NA,
3561462,NA,
3561023,NA,
3560890,NA,
4305195,NA,
3561061,NA,
3561350,NA,
4928272,NA,
3560932,NA,
3561038,NA,
3560989,NA,
3560925,NA,
3561335,NA,
3561267,NA,
3561347,NA,
3561407,NA,
3561047,NA,
3975699,NA,
3560969,NA,
3561157,NA,
3561112,NA,
3561391,NA,
5067019,NA,
3975791,NA,
3561454,NA,
5769559,NA,
3725781,NA,
5067008,NA,
3975696,NA,
3725873,NA,
3560882,NA,
3725972,NA,
3975758,NA,
3560953,NA,
959046,101448,
3561311,NA,
3975700,NA,
3561279,NA,
3561195,NA,
3561303,NA,
3561028,NA,
3561414,NA,
3561395,NA,
3561032,NA,
4118324,NA,
3560962,NA,
3560980,NA,
3561403,NA,
4928300,NA,
3560968,NA,
3560972,NA,
3561207,NA,
3560971,NA,
