PCID,TCGID,
886789,213139,
6791474,NA,
5600754,NA,
7456017,NA,
6944348,NA,
6135986,NA,
958835,98048,
7446285,585579,
4563048,231467,
845007,NA,
1563445,86795,
844538,86621,
7415747,NA,
844727,100512,
5167986,NA,
844893,196718,
5917449,NA,
4953924,NA,
5066011,139089,
1563430,96883,
7470161,NA,
3784401,279141,
4442239,NA,
4081036,284499,
7211576,NA,
925419,NA,
925412,NA,
958859,98072,
7549849,NA,
886637,87126,
6657775,NA,
5963772,NA,
5704607,NA,
6770017,554298,
6639752,NA,
886842,213207,
886599,85936,
6160724,NA,
5442446,NA,
887010,213176,
2383368,214272,
6302886,NA,
7532282,NA,
7456538,NA,
6769220,NA,
6573149,NA,
762936,86571,
6611965,NA,
4934077,487894,
4135701,96414,
844754,108618,
4033621,199611,
4933858,487944,
6570785,NA,
844810,179039,
925581,86414,
845074,87116,
4405309,NA,
5298579,532538,
849349,85044,
4933938,487059,
886779,213127,
849263,88919,
4863962,158168,
886951,213093,
7183610,NA,
6948329,NA,
958539,95980,
844770,199617,
5810759,NA,
5529176,NA,
4934089,487912,
3233275,NA,
5791404,NA,
845081,89116,
4080965,189457,
849346,84070,
925461,NA,
958639,95904,
925570,83474,
844910,201945,
844812,168245,
958497,95932,
925450,NA,
763017,85252,
886598,84735,
6658426,NA,
886959,213105,
4557000,96566,
4196344,NA,
6518231,NA,
4405315,283298,
5013885,475427,
886860,213229,
4175618,NA,
958837,98050,
886792,213142,
7549848,NA,
845017,NA,
6058763,NA,
4787906,NA,
6791478,NA,
844908,130683,
4613812,NA,
958519,95960,
958891,98104,
844632,125251,
5115343,NA,
5923782,NA,
5864012,NA,
844991,152607,
886873,213247,
25431,168245,
5166420,479880,
1563465,90389,
845093,84469,
4933870,487961,
6136572,NA,
1563479,97091,
4559495,118870,
6614186,NA,
1563473,NA,
844977,151707,
887067,213258,
844818,170032,
845028,NA,
7518408,NA,
7210457,564137,
1563484,90289,
886847,213214,
849254,86831,
4188979,199622,
958954,98057,
4084486,NA,
958658,95938,
844652,126560,
4934153,487056,
1656539,NA,
958917,98130,
5927039,NA,
7484696,NA,
844595,118872,
844782,162042,
6331622,NA,
4441298,273154,
6874726,NA,
6399967,NA,
762996,89688,
762992,87232,
958832,98045,
844542,NA,
887023,213193,
887002,213168,
887034,213209,
6944518,NA,
886774,213120,
886827,213187,
4768896,NA,
844696,96394,
849361,88432,
4952788,NA,
5325011,NA,
845082,211505,
958946,98049,
4933908,488023,
958599,96040,
886949,213085,
844932,129894,
762913,89295,
844755,108619,
844956,162607,
5834257,NA,
1563469,84379,
845010,NA,
845051,89990,
5917429,NA,
5862195,518869,
849232,86804,
1656537,205466,
7518411,NA,
2931361,245874,
1656569,NA,
5122320,NA,
1656636,234378,
836323,213195,
6610737,NA,
2267333,NA,
886867,249767,
887014,213184,
4566857,NA,
4563043,NA,
762910,87232,
763010,89949,
849257,87682,
958910,98123,
4933941,488072,
6948328,NA,
4934120,487054,
7321544,NA,
958825,98038,
5927091,NA,
5013694,NA,
1563421,88706,
844548,86097,
886765,213109,
887055,213242,
6610734,NA,
4780192,489936,
4933837,487913,
7321547,NA,
958980,98086,
6810313,NA,
844947,139098,
886985,213142,
844535,97706,
844703,96421,
5917416,NA,
887071,213262,
6518232,NA,
5401619,NA,
849264,89036,
1656564,NA,
958992,98102,
849345,84069,
4933866,487956,
4934124,487971,
5881530,NA,
1656550,206426,
4602209,NA,
4126743,NA,
886853,213222,
844829,180519,
844758,108621,
763036,86761,
845076,84946,
844777,127511,
886778,213126,
845057,89175,
6021699,NA,
4933804,487866,
887030,213205,
886829,213189,
1656538,NA,
845038,NA,
7306121,NA,
7150037,NA,
4934165,488031,
5711032,NA,
6869698,NA,
5917433,NA,
1563423,96882,
958528,95969,
844650,96380,
762997,90366,
762998,90450,
7420003,585126,
4765513,NA,
886950,213086,
6551142,542468,
849228,86461,
845079,84814,
6635591,NA,
844736,173081,
849328,86461,
5133977,NA,
1656534,NA,
5964016,NA,
925541,86344,
5550810,NA,
958988,98099,
5575752,NA,
5401622,NA,
5115345,NA,
1563458,90590,
844723,104053,
4022337,NA,
844772,126031,
6009610,NA,
5917447,NA,
886928,213270,
845030,NA,
5917673,NA,
925595,89145,
886874,213248,
958860,98073,
4933945,488076,
925472,88476,
4084487,NA,
887016,213186,
886785,213135,
849277,90464,
844590,118864,
4125269,NA,
6234602,NA,
886834,213194,
845101,127134,
887064,213251,
763031,85874,
925416,NA,
958951,98054,
6055359,NA,
887047,213228,
3269378,264278,
6021774,NA,
1563401,89881,
849315,83557,
762912,89259,
849341,90396,
887074,213267,
4695527,199609,
1563439,89975,
2720039,NA,
886856,213225,
1563411,96881,
844802,168026,
5528791,NA,
5115013,NA,
4934078,487895,
4644169,479879,
849239,88482,
849252,85100,
2386853,NA,
6202554,NA,
844616,121953,
849356,87214,
886944,213080,
958960,98064,
6643064,NA,
886763,213107,
762935,85252,
844929,139096,
844933,131733,
6021697,NA,
849260,88073,
886804,213161,
4933940,488071,
6331616,NA,
958938,98041,
844881,189805,
4404553,NA,
7549853,NA,
5886113,NA,
5298576,500563,
958460,95888,
4317266,102803,
5550811,NA,
844701,96419,
886995,213161,
6042454,NA,
958901,98114,
844840,181000,
849226,86264,
849243,90662,
5371242,NA,
849196,86895,
844591,118866,
5963311,NA,
958862,98075,
886747,213084,
925537,85660,
6858156,NA,
958942,98045,
887041,213222,
887075,213268,
1563436,83739,
5401618,NA,
844628,125159,
1563491,89979,
3510235,NA,
2267334,241881,
1656581,NA,
886972,213124,
6776241,NA,
925482,90545,
762938,87888,
844593,96374,
6688134,NA,
925441,86679,
5890955,NA,
844896,197888,
6142220,NA,
925483,90563,
844976,151702,
6813629,NA,
886819,213176,
886753,213093,
958887,98100,
849255,86832,
886826,213186,
5706298,NA,
4933825,487895,
958824,98037,
5811032,517273,
1563429,90353,
6339455,NA,
844611,NA,
5639056,NA,
6241385,NA,
958867,98080,
2748082,NA,
925488,86891,
763028,84683,
845018,NA,
844709,NA,
6903528,NA,
886619,89950,
886940,213076,
958826,98039,
1656579,NA,
6776877,NA,
5013699,NA,
844623,121950,
844619,121955,
5706365,513874,
763030,88545,
887061,213248,
3348117,268304,
849222,84736,
763013,90647,
4175619,NA,
849299,89082,
5529021,NA,
925600,90082,
925421,86085,
4934160,488026,
844820,175564,
5534041,NA,
6160297,NA,
845092,211415,
844764,NA,
2807035,246927,
4199304,139091,
1656543,232769,
4992986,NA,
925557,NA,
844967,152606,
4388079,NA,
958890,98103,
3510233,NA,
6530691,NA,
1563433,88714,
3398929,84825,
4196342,NA,
844927,130685,
886631,87444,
762899,89021,
6266573,NA,
7558707,586831,
1656571,232768,
844877,185988,
887049,213230,
844964,173382,
2674827,NA,
1656618,NA,
845083,90013,
762978,84871,
5917423,NA,
5013890,475431,
762989,86459,
925470,87746,
844560,96371,
925487,85509,
1656566,NA,
925601,90545,
886811,213168,
762963,83475,
4579859,276050,
4863629,485844,
886999,213165,
886759,213103,
886976,213132,
2989148,257710,
1563459,84950,
1341319,87416,
6124419,NA,
849275,86597,
844697,96395,
886886,213263,
886973,213125,
4934109,487944,
959009,98124,
958892,98105,
925561,86972,
958991,98103,
762959,90506,
958836,98049,
1563462,87300,
6985253,127505,
844614,121952,
887007,213173,
958477,95904,
2565367,86555,
4934090,487913,
3374832,268447,
6148329,NA,
1656594,220317,
849261,88432,
887086,213184,
844592,118868,
844807,168093,
849207,86428,
849362,88553,
7321551,NA,
6985216,NA,
3544958,273939,
3684163,279028,
6331619,NA,
1656633,NA,
844955,162606,
844702,96420,
925515,90494,
958939,98042,
1563467,211425,
1656623,234284,
925535,NA,
762965,83903,
958895,98108,
6226277,NA,
762969,85632,
849332,86804,
958935,98038,
1563417,180717,
5917443,NA,
925544,87698,
2567646,247297,
2245571,211626,
5427287,262566,
886964,213110,
845041,NA,
958881,98094,
2619788,245870,
844954,139102,
4934166,488033,
958627,95890,
844653,126561,
844804,168030,
887065,213252,
844558,90701,
849326,86264,
4934037,487834,
844728,NA,
5963313,NA,
925420,NA,
762962,86761,
925590,87826,
4934069,487881,
958852,98065,
4934038,487836,
5114459,205166,
7418434,244347,
1656552,214236,
958604,96045,
5962689,NA,
844789,162603,
844951,139093,
925477,89391,
886914,213254,
6331621,NA,
887084,213283,
1384424,90346,
887082,213281,
7211577,NA,
845096,NA,
4335523,NA,
845098,NA,
845069,87909,
6288484,536070,
886745,213082,
925577,NA,
886869,213243,
5780488,NA,
4729813,NA,
958919,98132,
5325400,NA,
958922,98135,
958973,98079,
958697,95980,
959014,98128,
4658442,NA,
5133979,NA,
1563410,90760,
4247863,NA,
4556508,NA,
958855,98068,
5963308,NA,
6021832,NA,
886821,213178,
4934032,490294,
886936,213072,
887022,213192,
7108821,NA,
925522,85575,
886832,213192,
925613,90406,
958601,96042,
958633,95897,
4686316,179036,
958884,98097,
886743,213080,
844994,152605,
844895,197889,
925596,89391,
887085,213285,
849213,90278,
844971,149383,
5896408,NA,
886787,213137,
925480,90024,
7025156,NA,
887012,213182,
925468,87728,
886604,87233,
886795,213149,
763027,89709,
4557428,NA,
844743,NA,
5371619,NA,
844864,NA,
845027,NA,
958654,95928,
1563397,90733,
844868,189455,
844909,201939,
886794,213148,
925887,85497,
958864,98077,
958953,98056,
844925,200276,
762970,86010,
886638,87127,
5013826,491189,
762945,89709,
844594,118869,
845047,NA,
2720037,NA,
886744,213081,
4023994,NA,
886766,213110,
925520,85517,
958934,98037,
958677,95960,
887079,213275,
3985761,NA,
844779,127513,
4933813,487877,
6903565,NA,
958657,NA,
958476,NA,
4388090,NA,
4246445,NA,
2290515,NA,
5811031,NA,
844811,NA,
5927152,NA,
1563406,83666,
1563418,89071,
844744,108608,
5298577,499996,
1563443,84707,
886812,213169,
844819,170033,
844914,204966,
1563446,NA,
925440,NA,
6770016,552785,
5324571,NA,
844865,183562,
925417,85658,
844609,NA,
959010,98123,
958978,98084,
762911,89210,
886970,213120,
887025,213195,
886740,213077,
1563450,202379,
844529,86174,
925474,89044,
6303786,NA,
4933782,487833,
1563399,89377,
2720041,NA,
3404922,271837,
4956114,NA,
4933879,487978,
849380,88810,
845058,88089,
958529,95970,
887042,213223,
844654,169950,
886923,213181,
925553,NA,
5167985,NA,
7321548,NA,
886756,213098,
849350,85045,
886799,213154,
5917676,NA,
925533,NA,
844661,96381,
849331,86786,
2836918,253421,
762968,85056,
925402,85575,
5964237,NA,
763000,86490,
1563448,86801,
849330,86785,
762960,88418,
958861,98074,
4895144,NA,
4953789,NA,
2720040,NA,
1563475,242032,
844979,146980,
3216978,264284,
886989,213148,
886806,213163,
886636,85130,
6142178,NA,
4933918,488031,
849296,86923,
925467,87719,
4126334,NA,
925454,84115,
6813628,NA,
849269,89436,
5575861,NA,
925529,89158,
887063,213250,
886913,213233,
886783,213133,
5874635,NA,
886841,213206,
5426933,NA,
7518424,NA,
7549852,NA,
3834603,NA,
844651,131869,
6770015,NA,
844839,178797,
886998,213164,
2996431,NA,
844952,139090,
762914,89688,
849308,88012,
886968,213118,
844639,126565,
886642,88555,
886618,89261,
886602,86574,
643542,88862,
4933805,487867,
1750259,186319,
925448,90060,
844673,NA,
844805,164233,
887040,213221,
762958,85438,
886977,213133,
5167984,NA,
6903520,NA,
849270,90018,
886736,213073,
925603,83439,
925580,NA,
849227,86380,
6903575,NA,
845052,86282,
844580,126034,
3896171,201941,
4286390,454225,
844586,120701,
844748,108612,
886758,213100,
4934184,487059,
886987,213146,
844913,204973,
844622,121963,
925438,NA,
887083,213282,
844783,162460,
925443,NA,
6206696,125567,
3344729,183973,
844848,183971,
958918,98131,
6331614,NA,
925602,90563,
845075,85039,
925475,89143,
886797,213152,
958877,98090,
925425,87698,
5917678,517183,
6903541,NA,
886601,86460,
6770013,NA,
844841,181560,
886990,213149,
958880,98093,
4895091,NA,
4786026,NA,
5834665,NA,
6234390,NA,
4033612,275829,
4033613,275830,
844675,129900,
4188891,NA,
2564464,85928,
1563488,90150,
886833,213193,
886934,213286,
958943,98046,
762986,84400,
849216,83558,
4400432,NA,
886946,213082,
886947,213083,
844948,173399,
3395652,NA,
886831,213191,
887039,213220,
6985251,127503,
762961,85458,
844930,131294,
5769249,NA,
844808,168100,
886894,213278,
844596,118873,
4933912,488026,
958916,98129,
7096052,NA,
925527,88572,
958985,98091,
4992988,NA,
5953321,NA,
1656578,NA,
6329392,NA,
849327,86380,
844961,148423,
886858,213227,
886840,213205,
4934155,488023,
762957,85874,
925534,NA,
845050,89150,
886845,213210,
886844,213209,
958685,95968,
958868,98081,
3268926,264277,
6399950,NA,
4934190,488075,
4956116,NA,
5917421,NA,
958903,98116,
886746,213083,
849202,89425,
886734,213071,
887045,213226,
844684,96384,
6776107,NA,
845003,86555,
3232419,NA,
844678,127142,
1656624,234287,
4933871,487054,
886953,213095,
886802,213159,
5900949,NA,
4934088,487910,
886837,213201,
5325003,NA,
925599,90024,
4786015,NA,
959005,98119,
762906,85935,
958873,98086,
762919,85803,
925562,NA,
958686,95969,
4933826,487897,
925543,NA,
4933822,487891,
6072751,NA,
925497,89433,
887015,213185,
7549847,NA,
887058,213245,
5609114,NA,
7596590,NA,
6944884,NA,
1656597,NA,
3367009,268705,
886849,213217,
886927,213266,
925507,NA,
762901,90556,
844966,148429,
849304,85319,
886596,89676,
1656558,NA,
763008,89181,
849241,90396,
925439,86581,
4933784,487836,
844662,127133,
4135554,NA,
958995,98106,
925469,87737,
887044,213225,
844889,131086,
1656567,NA,
763009,89730,
958876,98089,
925521,85526,
887036,213213,
925489,88224,
958977,98083,
4563039,NA,
5371426,449528,
762987,85128,
1563409,87934,
844892,196715,
844854,181804,
958602,96043,
844739,108603,
5997777,NA,
925399,84710,
844862,183565,
844918,205162,
886824,213183,
5927038,NA,
6124822,NA,
958752,96042,
844959,141631,
762991,86803,
4933943,488074,
849242,90654,
849262,88553,
958622,95885,
886994,213160,
763034,88418,
6778808,NA,
7417409,NA,
925471,87826,
958833,98046,
763033,90506,
959006,98120,
4388132,NA,
4946942,NA,
925505,NA,
958997,98108,
958993,98104,
925566,89567,
925492,89809,
886891,213272,
6755393,NA,
886764,213108,
6948386,NA,
7557614,NA,
844799,166291,
925582,86431,
1563464,83548,
1563470,87344,
886816,213173,
2405123,88068,
886815,213172,
5927041,NA,
849272,90606,
4408980,NA,
886828,213188,
958920,98133,
4933981,487060,
849225,85394,
849368,89294,
762966,84087,
886877,213251,
925424,NA,
958972,98078,
7549846,NA,
4933836,487912,
886741,213078,
7321546,NA,
925453,83637,
925442,86972,
3233667,NA,
886866,213240,
958893,98106,
925545,87709,
958717,96007,
887053,213240,
958687,95970,
925506,NA,
4729814,NA,
886965,213115,
4933937,488059,
6682365,NA,
4766447,NA,
5672122,NA,
5917430,NA,
886975,213127,
5298584,NA,
6675408,NA,
844986,149385,
844753,NA,
958930,98143,
844615,96377,
844606,134922,
844978,151704,
925428,NA,
2741858,253395,
844827,191353,
886861,213230,
886872,213246,
925584,87639,
925411,83771,
762974,89288,
849197,86923,
4934183,488059,
925457,85554,
925614,84692,
886962,213108,
7549850,NA,
886954,213098,
925576,85554,
849221,83954,
849357,87682,
886612,87606,
925459,85958,
887062,213249,
7457007,NA,
3509785,273590,
958527,95968,
5917445,NA,
1656577,NA,
844607,123636,
4933942,488073,
1656586,NA,
4933884,486617,
958566,96007,
845025,NA,
845064,87470,
6148328,NA,
845049,84459,
1563493,NA,
925415,85497,
886890,213271,
844556,90698,
6628324,NA,
844806,174495,
958505,95946,
849336,87818,
762933,85220,
925432,90468,
1563476,89908,
886773,213119,
886952,213094,
958907,98120,
5602020,NA,
7211572,NA,
887072,213263,
4200372,NA,
1656590,NA,
1656620,NA,
1563478,86914,
643523,85534,
4934188,488073,
886639,87606,
4934114,487955,
6944743,NA,
958866,98079,
6714564,547653,
844601,118874,
886878,213252,
925591,88476,
958839,98052,
925498,90248,
4934059,487867,
886884,213261,
849217,83567,
958665,95946,
849365,89037,
4286164,NA,
4895793,488274,
1656610,NA,
5917448,NA,
5917427,NA,
6614185,NA,
844946,139099,
1656609,NA,
762973,88944,
844680,127144,
643549,89851,
845036,NA,
5698617,NA,
849274,84887,
849382,88928,
5133982,NA,
886876,213249,
925578,85958,
7136274,NA,
849250,85045,
4991262,NA,
4934128,487978,
959016,98130,
1563474,NA,
887078,213274,
925478,89449,
886978,213134,
886761,213105,
4933875,487971,
886813,213170,
886885,213262,
1563422,90734,
886627,86011,
4933974,486622,
4934115,487956,
1563402,89379,
925433,NA,
6657145,NA,
925612,90156,
5810918,NA,
5672143,NA,
3374830,268445,
3889311,NA,
1563481,85664,
7456537,NA,
5960321,512506,
6770001,NA,
643528,86894,
844849,183969,
762887,85632,
762999,84111,
5811029,517175,
1563426,NA,
925526,87521,
4034101,NA,
4200371,NA,
849289,83619,
4933783,487834,
762932,90744,
4933834,487908,
887029,213204,
762930,90605,
763021,88182,
887051,213236,
6858155,NA,
763002,87125,
886843,213208,
887032,213207,
886854,213223,
3233015,NA,
6903574,NA,
5711035,NA,
844589,123434,
845060,87920,
844751,108615,
887066,213255,
1656544,232766,
886820,213177,
849295,86895,
958950,98053,
2720038,NA,
925519,84710,
925493,90156,
925523,86329,
958948,98051,
886607,83630,
7549851,NA,
887068,213259,
844786,177901,
886855,213224,
844890,188322,
886892,213274,
887027,213200,
1656563,NA,
886760,213104,
886770,213116,
958966,98072,
925610,NA,
925554,85166,
958847,98060,
844714,100507,
2245027,NA,
958912,98125,
844633,NA,
849246,84070,
4557012,NA,
959013,98127,
844604,96376,
1656533,NA,
6903518,NA,
4080617,NA,
5830304,NA,
6392368,NA,
1656596,NA,
844912,204984,
6777979,NA,
7323391,NA,
844857,185986,
844873,189756,
4793427,NA,
849195,86336,
959019,98133,
844940,152933,
3398926,90720,
1563438,89904,
958898,98111,
844866,185247,
1563466,89889,
886751,213089,
849292,85024,
762982,89097,
886986,213143,
849235,87648,
886919,213090,
4134648,NA,
844688,96386,
6776104,NA,
849233,86814,
6776411,NA,
958831,98044,
886903,213102,
886956,213100,
4934079,487897,
886608,85129,
925565,89535,
4780193,491188,
886610,87126,
886784,213134,
959011,98125,
925499,NA,
3978548,NA,
6903519,NA,
5917425,NA,
5769008,NA,
4952879,NA,
845031,NA,
6905949,NA,
7321552,NA,
844621,147234,
844666,127132,
7321549,NA,
844794,153995,
5115015,NA,
762892,89288,
849236,87818,
958838,98051,
845029,NA,
886859,213228,
849278,84328,
762898,87974,
886621,83904,
886997,213163,
4933919,488033,
925494,90406,
925536,85658,
762942,88381,
925559,86581,
925466,87640,
925547,NA,
849238,87975,
5551140,NA,
4050290,NA,
958492,95927,
3233017,NA,
6635130,NA,
958625,95888,
887050,213231,
844965,148430,
763015,85220,
849377,90464,
7638292,NA,
844686,131694,
844636,NA,
958905,98118,
836392,213289,
886896,213281,
4196911,228981,
1563456,96885,
762983,90556,
5834256,NA,
844726,152934,
4933800,487860,
959012,98126,
849273,90745,
762981,89021,
849342,90654,
925431,NA,
958889,98102,
4934087,487908,
849372,90606,
844657,127138,
886889,213268,
886864,213236,
925511,85380,
886775,213123,
886805,213162,
4933835,487910,
3312091,NA,
925564,89100,
844734,NA,
4311887,451116,
6837999,NA,
7321554,NA,
6339852,NA,
5963771,NA,
1563449,96574,
844613,121947,
4934186,488071,
886967,213117,
886875,213250,
4080623,151705,
886938,213074,
849218,83679,
886737,213074,
4934054,487860,
3770615,278705,
925456,NA,
925484,83439,
762944,88330,
958853,98066,
5013825,489938,
886622,88945,
762988,85935,
845021,NA,
762897,87797,
762940,88237,
958971,98077,
958989,98100,
887021,213191,
849268,89294,
5013888,475428,
844641,126567,
6770012,NA,
2396884,NA,
5013847,475429,
958841,98054,
762948,88545,
925418,85660,
4034095,178795,
4285953,NA,
958482,95909,
886769,213115,
4110298,NA,
6836981,NA,
7024728,NA,
958902,98115,
6775546,NA,
5058647,NA,
958974,98080,
845026,NA,
763016,85225,
844720,100511,
844553,85568,
1656605,NA,
925473,89033,
925437,85746,
844610,NA,
762895,83953,
844642,123455,
4405295,NA,
762931,90647,
886955,213099,
844853,184495,
5298575,500833,
886887,213264,
5977917,NA,
887070,213261,
925426,87709,
844992,154718,
886836,213200,
5827242,NA,
958897,98110,
887073,213264,
4934119,487961,
925574,85086,
958961,98065,
925490,89625,
849267,89262,
5917418,NA,
886738,213075,
959018,98132,
4991224,475426,
925460,86080,
1563415,84992,
925516,84238,
6563170,NA,
844763,114007,
7518409,NA,
4686349,NA,
1563420,88909,
958463,95890,
6740132,NA,
958911,98124,
925550,NA,
3374831,268446,
844847,129311,
5435559,NA,
2870993,246931,
6985249,127502,
844572,114006,
849312,90138,
886969,213119,
1656559,NA,
886898,213283,
886624,84401,
3398934,83820,
5672070,NA,
5639057,NA,
886988,213147,
958845,98058,
849354,86831,
925479,89551,
925517,83585,
844822,179034,
887017,213187,
925500,NA,
6331623,NA,
925504,NA,
845097,NA,
925405,86951,
762941,88243,
844974,153453,
958904,98117,
4933947,488078,
887035,213210,
849310,89153,
3684158,NA,
4360785,NA,
925491,NA,
958644,95909,
849366,89182,
844919,130684,
958849,98062,
958944,98047,
6021991,NA,
845084,84108,
5862196,NA,
3216294,NA,
844554,89729,
844990,152609,
5960323,NA,
844945,139100,
844719,100510,
6635131,NA,
845004,85928,
5862199,518872,
844905,198533,
844837,178794,
1656536,205465,
886822,213180,
886996,213162,
887000,213166,
1563455,90587,
849325,85394,
886646,89950,
886979,213135,
886935,213071,
925587,87728,
4373060,NA,
4247902,NA,
5013889,475430,
844903,197854,
849367,89262,
958913,98126,
925611,89809,
6142221,NA,
849374,84887,
886630,87154,
958886,98099,
958981,98087,
959004,98118,
887056,213243,
958909,98122,
4891570,478425,
6021830,NA,
887038,213219,
844687,96385,
1563452,85202,
886958,213104,
5167039,253421,
4196806,NA,
844817,172936,
6777383,NA,
844629,125160,
844555,90670,
4598007,477184,
1563472,NA,
5063338,NA,
844717,98733,
844798,166288,
886757,213099,
4636558,NA,
849348,85008,
849259,87876,
2728517,NA,
849358,87857,
887060,213247,
6658917,NA,
762947,87356,
763019,86919,
762937,86919,
844718,100509,
886597,84401,
886888,213267,
763004,87805,
849271,90451,
762990,86573,
849230,86785,
4934080,487898,
886830,213190,
887003,213169,
762939,88182,
1563434,86567,
6770014,NA,
4933905,487056,
6377530,NA,
925434,NA,
959002,98116,
5700102,NA,
4127317,NA,
6526459,NA,
1656562,NA,
4225289,NA,
6985248,127501,
6635132,NA,
4598014,260711,
4621209,127183,
925585,87640,
2720036,NA,
6916200,NA,
844870,189456,
844778,127512,
4707970,178793,
4175987,449513,
4933809,487872,
844557,90673,
4933977,490063,
844742,108606,
958896,98109,
886807,213164,
1656549,NA,
925588,87737,
3398928,87404,
958956,98059,
958979,98085,
5826824,NA,
925531,83771,
4462369,NA,
958963,98067,
845012,NA,
836280,213147,
925583,86497,
844824,211496,
762907,86459,
958830,98043,
958872,98085,
3621898,268709,
925552,NA,
4562625,NA,
958863,98076,
5810806,NA,
886817,213174,
925401,85526,
5862192,NA,
958483,95918,
958498,95938,
849320,83709,
4579856,NA,
844937,132241,
1563441,86562,
3367012,268707,
844876,189759,
5770138,NA,
6206667,NA,
4400360,NA,
886942,213078,
5672068,NA,
844618,121954,
3311041,260711,
925512,85576,
844861,183568,
886772,213118,
849281,87629,
925408,88834,
925403,86329,
849333,86814,
762917,84111,
886635,85129,
845043,90075,
925476,89145,
925551,90468,
958885,98098,
4934058,487866,
1563440,86592,
958854,98067,
4642243,453485,
958848,98061,
1656565,NA,
762964,83755,
845062,87057,
844630,126210,
886755,213095,
959003,98117,
849244,83631,
925407,88572,
5167564,NA,
844725,102802,
844858,129312,
886883,213260,
2674826,247295,
7417408,NA,
844801,166295,
844530,87795,
5426665,NA,
958975,98081,
5960646,NA,
844815,NA,
844730,102804,
6166490,NA,
4196410,NA,
5830300,NA,
4644175,475642,
1098357,NA,
958931,98144,
886909,213179,
886786,213136,
763035,85458,
4780172,NA,
2245028,NA,
762924,88293,
3398925,88096,
925465,87639,
4175989,NA,
887005,213171,
762994,89259,
4934187,488072,
4196343,449524,
763023,88243,
958983,98089,
849323,85110,
958637,95901,
925458,NA,
887019,213189,
886810,213167,
887046,213227,
886748,213085,
849265,89037,
958996,98107,
925608,88224,
845071,88750,
958626,95889,
6160301,NA,
4954135,489924,
844626,125564,
4305609,NA,
887076,213271,
958999,98110,
6775537,NA,
4205966,NA,
3168805,262566,
886814,213171,
6530689,NA,
844871,189021,
1656619,NA,
5013891,475432,
925592,89033,
958936,98039,
849280,88810,
6610754,NA,
844698,96396,
925573,84115,
886771,213117,
3363204,NA,
844993,155588,
4934003,490087,
4023498,NA,
845088,85630,
849206,85810,
763005,87996,
958962,98066,
4895432,NA,
886848,213215,
5830380,NA,
886981,213138,
849364,89036,
958994,98105,
3509153,273588,
886945,213081,
925594,89143,
849279,87667,
887018,213188,
886863,213232,
886992,213153,
762908,86573,
6682665,NA,
925463,86431,
4335521,240893,
6639773,NA,
1563483,91599,
887001,213167,
886983,213140,
6664345,NA,
5944594,NA,
844648,158183,
5371586,NA,
845065,85761,
7417411,NA,
844787,162604,
886862,213231,
844664,152950,
5156376,NA,
5013695,NA,
5923907,NA,
5550809,NA,
2720043,NA,
7047478,NA,
844677,127141,
4956295,475425,
958926,98139,
4135767,228597,
886613,88294,
2988068,NA,
844585,118862,
849363,88919,
5917674,NA,
849234,86815,
845086,87117,
762979,87797,
849220,83709,
925462,86414,
886808,213165,
958844,98057,
887033,213208,
886606,83629,
849258,87857,
887069,213260,
925615,87365,
763011,90032,
5324999,NA,
925586,87719,
6610738,NA,
4858994,NA,
886611,87127,
4933993,490077,
886937,213073,
845008,NA,
886776,213124,
6331620,NA,
5960522,NA,
1563477,NA,
844859,NA,
763018,86571,
1563460,86321,
925558,NA,
5962688,NA,
4642900,257710,
4196319,NA,
5704609,NA,
5963310,NA,
6266571,NA,
762943,85237,
4118182,97090,
5435156,NA,
6903550,NA,
844828,180528,
1563457,83855,
1656582,NA,
849193,85024,
849282,83473,
836234,213087,
958645,95918,
844644,123453,
844722,108594,
886605,87444,
958894,98107,
844693,96391,
887077,213272,
1656608,NA,
925572,83637,
886980,213137,
5401621,NA,
836353,213234,
849276,88589,
925598,89551,
887037,213214,
762904,84400,
958959,98063,
844823,179035,
958915,98128,
4768542,478423,
886628,86460,
844659,127136,
849245,84069,
886762,213106,
844599,NA,
836541,213284,
958947,98050,
3402797,276051,
5605275,NA,
7456536,NA,
1563487,85326,
6385905,NA,
844646,123438,
844803,127185,
844888,188321,
6610735,NA,
849378,84328,
925532,NA,
4933944,488075,
959015,98129,
886798,213153,
3398919,84256,
844617,NA,
762883,83903,
1656601,NA,
886754,213094,
844660,127137,
3398921,86051,
4125200,NA,
925540,86085,
886870,213244,
925485,83763,
887052,213237,
925539,NA,
844911,204985,
886933,213279,
886846,213213,
849329,86575,
886916,213265,
3216977,264285,
849316,83558,
958653,95927,
844813,172930,
762920,87125,
849371,90451,
886868,213242,
6985241,125568,
4442284,NA,
4863679,485845,
3233018,281960,
844690,211458,
2836919,253420,
959008,98122,
4998474,476452,
5490884,NA,
4602459,114015,
5975653,NA,
762927,89730,
1563403,89883,
6643063,NA,
958958,98061,
844563,147230,
4653875,NA,
3152087,253406,
1563432,87327,
1563471,85164,
958933,98146,
643529,86961,
762946,84683,
3951668,NA,
1563435,90741,
762925,88554,
3978640,NA,
5977615,NA,
3964423,158170,
887020,213190,
3233725,213241,
1563398,88705,
958984,98090,
844934,132239,
886749,213086,
5554466,NA,
958955,98058,
925449,90338,
958851,98064,
844773,126030,
958906,98119,
958458,95885,
4934067,487877,
849256,87214,
762916,90450,
845066,84701,
886777,213125,
762890,87443,
844671,129899,
844784,162461,
925435,85166,
5013697,NA,
849237,87819,
6985246,125569,
4357855,NA,
4507754,NA,
5058649,487756,
4225231,NA,
1563400,87892,
844757,NA,
958870,98083,
1656611,NA,
4563047,NA,
3632766,NA,
2244941,NA,
844667,127131,
844716,98732,
844838,177903,
763022,88237,
844826,180530,
849212,90138,
925501,NA,
4934194,488079,
844953,NA,
844997,158167,
4934134,486617,
886614,88295,
849251,85073,
887081,213280,
958998,98109,
958941,98044,
925445,89100,
886634,83630,
925404,86888,
958987,98093,
849205,85319,
2720033,NA,
886974,213126,
958842,98055,
925571,83530,
886960,213106,
845048,84041,
5135162,NA,
844999,158172,
5115018,NA,
4211967,NA,
844867,185249,
2931502,245873,
844546,88313,
1563495,88646,
6202547,NA,
844670,NA,
844749,NA,
7108819,562019,
845013,NA,
844936,131728,
849318,83679,
4933979,490066,
887059,213246,
844894,198771,
1656535,200302,
849343,90662,
849307,87863,
958990,98101,
958970,98076,
886851,213220,
925452,83530,
844541,87492,
886948,213084,
886594,83904,
849214,90613,
886881,213258,
836324,213198,
886633,83629,
925569,NA,
844765,114009,
4933824,487894,
845056,84241,
844869,131092,
958949,98052,
844906,201940,
845037,NA,
886920,213114,
2736634,NA,
5917446,NA,
958888,98101,
887004,213170,
1563428,96864,
1563480,NA,
844566,118858,
844950,139095,
6682368,NA,
844759,108622,
4621208,127186,
5550812,NA,
845016,NA,
6880792,NA,
4127467,NA,
925593,89044,
4188867,NA,
6796217,NA,
1563425,86810,
2245570,211456,
849351,85073,
844962,148422,
959001,98115,
887080,213278,
844526,86125,
844656,127139,
1563407,87677,
762915,90366,
849219,83688,
849353,85951,
886767,213111,
925427,88527,
849224,85169,
886645,89261,
886640,88294,
925528,88834,
887048,213229,
763007,88554,
886932,213273,
886961,213107,
925604,83763,
4598012,236055,
844852,NA,
1656575,NA,
925513,86043,
1563453,86035,
1563437,97093,
844600,114013,
2720044,NA,
6770018,NA,
643535,87503,
844713,100506,
6791475,NA,
844931,131293,
844540,88172,
958719,96009,
5298582,NA,
1563412,87935,
844582,96373,
7415749,NA,
5435155,141939,
844975,151701,
3398930,86879,
762923,87996,
844564,118859,
958937,98040,
763001,85803,
7077651,NA,
886971,213123,
763024,88381,
887013,213183,
1563442,87430,
4933827,487898,
4107230,NA,
886752,213091,
4933948,488079,
849209,88012,
887024,213194,
1656551,NA,
845009,NA,
4933865,487955,
844968,156258,
849335,87648,
886871,213245,
925398,83738,
844887,188320,
844816,172935,
844738,108602,
4125411,NA,
844565,NA,
844760,114014,
1656634,238545,
1563454,83852,
5917432,NA,
1656554,NA,
6288593,536072,
886993,213159,
5981159,NA,
886941,213077,
4934193,488078,
1656568,NA,
844891,196348,
844982,148427,
844980,146982,
762926,89181,
762922,87805,
925400,85517,
762976,90457,
2244942,NA,
844547,88328,
887011,213177,
886865,213237,
845042,87402,
958850,98063,
886788,213138,
887043,213224,
4934192,488077,
1563419,85183,
844987,149387,
886620,90033,
849303,83579,
5058654,NA,
762977,83953,
2738888,247290,
845053,85207,
958964,98068,
886791,213141,
844624,125565,
1656545,232767,
1563414,83667,
7417410,NA,
845054,86890,
844575,118861,
886793,213143,
4032494,NA,
844637,126564,
844712,100505,
5927042,NA,
6592077,NA,
925518,83738,
6903573,NA,
4286388,NA,
849375,86597,
849317,83567,
844855,185984,
4934070,487882,
844836,129313,
849306,86428,
958829,98042,
849215,83557,
925464,86497,
763020,87888,
5830751,NA,
849247,84545,
886982,213139,
925447,89567,
925444,88966,
886907,213151,
4933946,488077,
849321,83954,
849253,85951,
6115140,NA,
886943,213079,
5874637,NA,
5530261,NA,
844710,191545,
1656628,232614,
844788,162605,
845023,NA,
5706367,NA,
6610767,NA,
845006,85934,
844969,149381,
6021775,NA,
844943,139097,
1563463,87301,
6149127,NA,
762995,89295,
925410,83479,
844532,87295,
3398932,83737,
886803,213160,
886910,213199,
925429,89390,
849210,89153,
886857,213226,
4135463,213024,
4934053,487859,
844603,123479,
3367006,268706,
849359,87876,
925549,90285,
1563444,83520,
958967,98073,
958965,98069,
925560,86679,
925486,83813,
849249,85044,
2587652,NA,
925616,89433,
1656607,227026,
1656622,NA,
886625,84735,
887009,213175,
887057,213244,
886825,213185,
844692,NA,
844883,NA,
4933816,487882,
3366470,NA,
886966,213116,
3669809,NA,
958968,98074,
845078,85773,
844552,85410,
844625,NA,
4166508,NA,
5334070,NA,
844549,86109,
844845,183966,
849286,88525,
844543,88535,
5441928,502981,
849339,88482,
849283,83483,
886922,213157,
886893,213275,
762980,87974,
836279,213146,
836390,213285,
886739,213076,
763014,90744,
6904832,NA,
844706,108591,
5441926,NA,
6143182,NA,
5427289,263261,
844998,158166,
1656629,NA,
5427311,246275,
844721,108593,
844612,NA,
5441927,NA,
1656625,NA,
844715,100508,
5927027,521697,
844856,185985,
886617,89260,
886991,213152,
958924,98137,
762972,87443,
849208,87863,
643551,90215,
849291,84451,
762900,89097,
6376466,NA,
925495,84692,
844780,127514,
887028,213203,
4934071,487883,
886911,213202,
1656573,NA,
844996,155597,
6518230,NA,
1563416,84720,
844821,175563,
3770613,NA,
1656637,NA,
886643,88556,
844935,131727,
4188893,NA,
4196345,NA,
958957,98060,
1656600,227027,
925568,90338,
762882,83755,
925509,85535,
4934191,488076,
958945,98048,
845067,NA,
925542,87142,
849297,87257,
925397,83585,
886735,213072,
958857,98070,
925423,87142,
2244981,NA,
3348119,268306,
845005,90031,
849313,90278,
958846,98059,
4388089,NA,
1656639,236055,
958908,98121,
958828,98041,
6288774,536075,
925455,85086,
845022,NA,
4892076,NA,
4933799,487859,
925481,90082,
1656556,NA,
4598009,NA,
958976,98082,
2931507,NA,
1656542,232765,
2728516,NA,
1656540,NA,
2594291,247291,
844570,177110,
844539,89193,
1563408,108421,
1656598,NA,
6385851,NA,
5705762,NA,
925563,88966,
4563040,NA,
4598008,477183,
3398923,87775,
763026,88330,
844571,96372,
849285,86402,
643518,84638,
844985,148428,
1656560,NA,
643543,88960,
925575,NA,
849301,89425,
3392951,268712,
1563427,NA,
7719408,NA,
3395651,NA,
886823,213182,
844880,131090,
958874,98087,
844745,108609,
1656561,214229,
4934075,487891,
6776361,NA,
1563424,83669,
4214850,449526,
844972,149389,
1656553,NA,
887006,213172,
5426667,NA,
844691,96389,
4556215,232443,
886782,213132,
5609118,NA,
762896,84871,
886615,88555,
958952,98055,
886850,213219,
925556,85746,
958899,98112,
844835,158255,
925409,89158,
763003,87605,
886796,213150,
849211,89556,
849302,90702,
849248,85008,
925451,83474,
925546,88527,
844665,127130,
849370,90018,
958749,96039,
958598,96039,
958620,96061,
886984,213141,
925597,89449,
886897,213282,
925567,90060,
4127466,NA,
1563490,96572,
844699,96397,
844536,84368,
5706366,NA,
844704,96413,
849300,89152,
5963309,NA,
1656541,NA,
845063,88512,
849229,86575,
844682,129720,
958875,98088,
3177696,262571,
958840,98053,
925609,89625,
886917,213269,
844939,152932,
886838,213203,
958986,98092,
925579,86080,
4507751,NA,
958914,98127,
763012,90605,
3895031,183564,
1563451,85178,
849324,85169,
845040,NA,
844705,96415,
4214883,NA,
886895,213280,
3629405,NA,
844731,147232,
958568,96009,
6116157,NA,
844631,147098,
959007,98121,
1656591,232434,
2807034,253413,
4214871,NA,
958878,98091,
849298,88847,
4404554,NA,
925605,83813,
958856,98069,
762952,86626,
1656616,NA,
4598013,227026,
1656548,220753,
958940,98043,
2368700,245869,
844537,89364,
925503,NA,
762967,84734,
1563492,85096,
844885,191625,
6518229,NA,
849340,90367,
5436408,NA,
2783164,NA,
6736849,NA,
845033,NA,
4729812,NA,
844627,96378,
5698618,NA,
4565736,475654,
6226361,NA,
958883,98096,
762888,86010,
844605,134921,
886647,90033,
762885,84734,
886801,213158,
925530,83479,
849194,85489,
958834,98047,
762993,89210,
886852,213221,
4895794,488275,
4677602,NA,
886809,213166,
925617,90248,
1656576,220282,
844981,179431,
845011,NA,
844685,129719,
7446041,NA,
844928,133829,
4286389,NA,
845024,NA,
845032,NA,
844874,189757,
844689,96387,
763025,85237,
1563413,88057,
5960325,NA,
643524,86112,
849203,90702,
762889,87153,
958921,98134,
844762,114005,
762881,83475,
886616,88556,
763032,85438,
762905,85128,
845072,88670,
3398927,87423,
958865,98078,
849293,85489,
2291217,211453,
6206428,NA,
958493,95928,
3684154,NA,
6339454,NA,
925502,NA,
844711,100503,
845061,84712,
1563468,85739,
925606,85509,
4400359,451846,
643539,88240,
886641,88295,
844707,108592,
5834279,NA,
958879,98092,
4895433,166289,
844781,127181,
886882,213259,
844695,96393,
3401634,268711,
762909,86803,
886924,213218,
4933815,487881,
958932,98145,
762886,85056,
925510,89644,
4214851,449527,
844970,149382,
958474,95901,
849347,84545,
844551,84270,
7129814,562088,
844645,199330,
844792,127184,
844655,126558,
844746,108610,
1563431,96884,
844988,152610,
844851,184487,
1656617,NA,
3374829,268444,
959000,98114,
844776,131864,
844528,90622,
844588,123435,
4186228,449517,
762971,87153,
3177697,262569,
925508,88091,
762985,84119,
1656546,220754,
849338,87975,
886908,213155,
844533,90108,
5834348,NA,
849322,84736,
4933817,487883,
3232412,NA,
2368998,241882,
845039,86558,
4134641,NA,
3168804,262563,
849376,88589,
4188894,NA,
643531,87211,
6331618,NA,
4877802,NA,
762903,84119,
844602,118875,
1656557,NA,
2423655,NA,
6041905,NA,
845085,88380,
886818,213175,
844872,189458,
5698369,NA,
3978550,NA,
5063337,NA,
2581749,NA,
886880,213255,
849309,88928,
925548,89390,
4933984,490070,
762984,83628,
849223,85110,
925413,NA,
844578,NA,
925555,85681,
886626,85936,
844842,178693,
2405097,NA,
844750,108614,
7419340,578811,
2720034,NA,
845002,166412,
1656580,223753,
2435383,NA,
6331617,NA,
844724,108595,
844775,147224,
4768541,478424,
2720035,NA,
1656635,234377,
1563461,87779,
3621139,NA,
1656627,NA,
844957,153452,
844752,NA,
844577,120115,
845090,NA,
5298581,500263,
886930,213287,
886899,213284,
5632018,NA,
4598015,279028,
3398922,89537,
844942,148409,
925496,87365,
886595,88945,
1656555,NA,
3401635,268710,
5491259,NA,
845068,211429,
3954427,NA,
5609116,NA,
5917435,NA,
845046,87901,
958969,98075,
6518233,NA,
1563486,86348,
887008,213174,
1656589,NA,
925524,86888,
845045,88147,
1563404,87894,
762894,90457,
844649,126028,
886925,213235,
1712967,NA,
925525,86951,
849381,87629,
844569,117703,
4934036,487833,
844879,193278,
1563447,84492,
886963,213109,
1656613,232481,
844681,127145,
1656574,220274,
762928,89949,
844598,147231,
4196318,NA,
6948390,NA,
4556359,NA,
1563496,86437,
1656621,234282,
844732,108596,
845070,87434,
4621210,NA,
4892094,488271,
845073,86055,
5205575,NA,
7568057,NA,
3398924,85996,
1656638,NA,
849240,90367,
958843,98056,
844989,152608,
25426,168211,
844958,164460,
849266,89182,
844674,NA,
844676,127434,
844878,192085,
2720042,NA,
844620,121948,
6331613,534415,
762955,89007,
844638,91614,
958900,98113,
958982,98088,
849200,89082,
1656572,NA,
849337,87819,
849319,83688,
4928140,NA,
886790,213140,
958750,96040,
886902,213092,
844797,153998,
886879,213253,
886780,213128,
2782822,253410,
844733,NA,
763006,88293,
3770617,277039,
925514,87584,
762934,85225,
958621,96062,
849305,85810,
844831,180521,
925406,87521,
1656631,234375,
887031,213206,
886957,213103,
920602,83619,
3398931,89281,
844737,108601,
844658,127129,
849373,90745,
1563489,85095,
4476213,NA,
1656588,NA,
844886,185251,
5704608,NA,
849352,85100,
6281441,NA,
844825,131866,
845077,88316,
887054,213241,
844769,196716,
4933998,490082,
2989146,253417,
925430,90285,
844796,153997,
762902,83628,
958927,98140,
844901,197876,
849311,89556,
844846,183972,
844785,177710,
1563494,85663,
5013700,477069,
1656584,NA,
3233278,NA,
5324570,NA,
4033611,275828,
844640,NA,
844938,152931,
844830,180520,
844740,108604,
4024136,NA,
643515,84363,
844844,179377,
763029,87356,
845094,84702,
849192,84451,
958462,95889,
958923,98136,
844774,126029,
845091,84805,
844926,207497,
6518236,NA,
4023532,NA,
3366436,NA,
886603,87154,
844544,85273,
2783165,NA,
844559,173082,
4252222,NA,
844663,127135,
844771,199488,
2250694,211454,
762975,89675,
925436,85681,
958617,96058,
844904,198532,
844668,NA,
886609,85130,
844907,201942,
1656626,232609,
1656615,251622,
4565735,NA,
4247582,NA,
3544959,273938,
3400201,NA,
643511,90784,
886600,86011,
886939,213075,
6314889,535953,
886904,213112,
844941,169945,
762918,86490,
849198,87257,
844635,126562,
958858,98071,
844983,169944,
5862194,518868,
844525,86909,
844683,129718,
5862201,NA,
4196803,NA,
643526,86259,
844897,131088,
1656547,220755,
845055,84019,
844545,89605,
886632,87233,
4196802,449514,
2870992,NA,
886905,213122,
849231,86786,
849204,83579,
886768,213113,
1656612,228981,
5964675,NA,
6336797,538687,
845000,158169,
844741,108605,
3770614,NA,
844768,197873,
4793369,NA,
925446,89535,
958869,98082,
958827,98040,
4188866,NA,
886839,213204,
844756,108620,
844669,NA,
849334,86815,
1563485,85748,
925607,86891,
844944,139101,
844679,127143,
958871,98084,
844791,151974,
959017,98131,
886644,89260,
1656604,282259,
925589,87746,
844747,108611,
3398920,90320,
2244982,NA,
844843,178692,
5997609,88067,
1656614,243659,
844672,96382,
844809,176944,
844735,211464,
844814,127188,
845089,88641,
844882,197872,
925538,NA,
2594459,247296,
643530,87043,
762884,84087,
1656592,NA,
886912,213216,
836242,213101,
844583,125898,
849344,83631,
1656593,NA,
1563482,91600,
844995,173383,
2290514,NA,
1563405,90751,
844949,139088,
643552,90311,
886742,213079,
4939517,NA,
7108820,NA,
844960,148424,
3672365,277040,
844800,166293,
844534,97705,
4175986,NA,
844643,123454,
849290,84078,
849314,90613,
845095,NA,
762891,88944,
849201,89152,
958495,95930,
643514,84143,
886901,213088,
6618908,NA,
643516,84414,
4934023,490292,
844863,183560,
5609904,NA,
845080,85743,
3684157,270721,
1656599,NA,
762893,89675,
849360,88073,
4933864,487954,
1656606,228596/,
4934189,488074,
762929,90032,
844921,198360,
4934009,490093,
762921,87605,
5609115,NA,
925422,86344,
844576,121946,
762949,84180,
2989144,253416,
849288,90463,
2383369,202637,
1656630,NA,
844573,114526,
844922,200274,
3216310,NA,
844562,108624,
958882,98095,
5811030,517271,
6539080,542481,
844916,205170,
925414,NA,
2183096,211627,
886906,213129,
5963314,NA,
849199,88847,
886929,213277,
643513,83647,
844834,178755,
4642838,NA,
844634,NA,
844875,189758,
845034,83655,
7108818,562087,
643540,88429,
1656602,NA,
849355,86832,
849369,89436,
886921,213131,
844973,146979,
1656583,NA,
844700,NA,
844793,152673,
4863573,485843,
844915,205171,
1656585,223756,
845019,89953,
1431254,88069,
958925,98138,
4034736,NA,
844884,185252,
844531,85421,
845001,166411,
5827108,518871,
844574,117266,
920604,84078,
2989141,253414,
4946966,NA,
844924,200275,
845035,NA,
886781,213130,
4793322,NA,
3398933,88620,
886800,213156,
886629,86574,
2755745,253398,
844567,117701,
849294,86336,
958929,98142,
4952787,NA,
886918,213276,
5305606,500264,
762953,87054,
886926,213257,
844795,153996,
886623,89676,
2386852,85111,
2386847,202636,
643547,89601,
844900,205167,
643538,88213,
849379,87667,
762951,86099,
845044,84286,
844917,205169,
2386848,87397,
1656570,232764,
643521,85107,
844694,96392,
845059,84813,
4953060,NA,
643536,87557,
2183048,211628,
844708,96416,
844729,100514,
845020,NA,
844527,88098,
845015,87310,
958928,98141,
844579,123437,
886931,213288,
643527,86309,
844790,151973,
844647,148344,
849284,85641,
844923,200272,
1341320,121772,
844581,125322,
5608889,512035,
844561,108623,
1656587,NA,
1656632,234376,
844761,114004,
886915,213256,
836259,213121,
643544,88993,
844833,177111,
844984,148426,
1656595,NA,
844568,117702,
643520,85074,
2386849,211451,
762956,89374,
844832,177112,
4952789,490730,
643532,87309,
1341801,87417,
762954,87428,
643553,90713,
643550,89928,
844608,116779,
844898,189659,
845087,84202,
2989147,253418,
844920,205164,
643541,88575,
762950,85120,
643525,244348,
1656603,NA,
844860,183564,
643537,88014,
3684161,270724,
849287,90111,
2267255,NA,
643548,89643,
4246446,285378,
6281442,535952,
844850,184483,
2313440,87395,
844902,197855,
643545,89353,
844597,118871,
2989143,253415,
2386850,83648,
844587,123436,
4246447,285396,
643512,83578,
643546,89385,
1958438,108589,
643534,87414,
844899,197874,
844767,197856,
643519,84909,
844963,148152,
1656640,88066,
1368342,223754,
643522,85270,
844584,117267,
5834844,518861,
643533,87394,
643517,84422,
4894333,NA,
