PCID,TCGID,
3671805,NA,
3671528,NA,
3469692,NA,
6125190,NA,
6125171,NA,
3671777,NA,
3445412,NA,
3468565,NA,
4602787,NA,
3438677,NA,
3671756,NA,
3671841,NA,
6125180,NA,
3671886,NA,
3468530,NA,
6125047,NA,
3438660,NA,
3671839,NA,
3671582,NA,
3458103,NA,
3468536,NA,
3445405,NA,
6125141,NA,
6125235,NA,
4928753,NA,
6125057,NA,
3671895,NA,
3461365,NA,
6125100,NA,
6125109,NA,
4928779,NA,
4928788,NA,
4602775,NA,
3472209,NA,
6904733,NA,
6125095,NA,
3671578,NA,
3449488,NA,
6125221,NA,
7029895,NA,
3460064,NA,
7029932,NA,
3468544,NA,
5923313,NA,
3671500,NA,
5923328,NA,
3445472,NA,
3468525,NA,
3491774,NA,
3458379,NA,
3671553,NA,
6981142,NA,
3445287,NA,
7029871,NA,
3671817,NA,
3671665,NA,
3671822,NA,
3458154,NA,
6125231,NA,
3472450,NA,
3671517,NA,
3440513,NA,
5923326,NA,
3458331,NA,
3671823,NA,
6125279,NA,
3671525,NA,
3671583,NA,
3472176,NA,
6125048,NA,
3671815,NA,
3671818,NA,
3461371,NA,
3468563,NA,
4602786,NA,
3671685,NA,
3468503,NA,
6125173,NA,
3472483,NA,
3458112,NA,
3472765,NA,
3469685,NA,
3671767,NA,
3468496,NA,
3468543,NA,
3472481,NA,
3458286,NA,
3671598,NA,
3458330,NA,
3671681,NA,
6137485,NA,
5962572,NA,
3445353,NA,
3458175,NA,
3671584,NA,
3458374,NA,
3445411,NA,
3671726,NA,
3671638,NA,
6242022,NA,
4928777,NA,
5768410,NA,
3458304,NA,
3468482,NA,
4928751,NA,
3445316,NA,
3469705,NA,
4928816,NA,
3671857,NA,
3458373,NA,
3458159,NA,
4723459,NA,
3472480,NA,
4409038,NA,
6137555,NA,
4928806,NA,
4928760,NA,
3445337,NA,
7029877,NA,
4602784,NA,
3440574,NA,
3468483,NA,
3468490,NA,
3671697,NA,
4928728,NA,
3671588,NA,
3491819,NA,
3438593,NA,
6125084,NA,
3472183,NA,
3472239,NA,
3438671,NA,
3472191,NA,
4928737,NA,
3438653,NA,
3671884,NA,
4602781,NA,
3671666,NA,
3468500,NA,
5003497,NA,
3468468,NA,
3671864,NA,
7029936,NA,
3449328,NA,
4928773,NA,
3472746,NA,
5003531,NA,
3460027,NA,
3468475,NA,
3671523,NA,
4602778,NA,
6125242,NA,
3671835,NA,
3438597,NA,
3469721,NA,
3671807,NA,
3671899,NA,
6125073,NA,
3445455,NA,
6137567,NA,
3449330,NA,
6137549,NA,
3445326,NA,
5003535,NA,
3472244,NA,
5962580,NA,
3458307,NA,
3472182,NA,
5962535,NA,
3472770,NA,
3468465,NA,
3458290,NA,
3472508,NA,
3671626,NA,
3468481,NA,
3445429,NA,
3671874,NA,
3671587,NA,
3671630,NA,
6125211,NA,
3671591,NA,
3460053,NA,
3458129,NA,
3472468,NA,
5962242,NA,
3671848,NA,
6125305,NA,
3458313,NA,
5962551,NA,
4928805,NA,
3671676,NA,
3449451,NA,
3449398,NA,
3469678,NA,
3469697,NA,
3469680,NA,
3440549,NA,
3671702,NA,
3671788,NA,
6397828,NA,
5962585,NA,
5962549,NA,
3671721,NA,
6125143,NA,
3468507,NA,
3671565,NA,
3671724,NA,
3468532,NA,
3445447,NA,
6125176,NA,
6125177,NA,
3449405,NA,
6125188,NA,
3671757,NA,
6125129,NA,
3472187,NA,
3671905,NA,
3472759,NA,
3440516,NA,
4602770,NA,
3472778,NA,
6125170,NA,
7029881,NA,
5962543,NA,
3472795,NA,
5003482,NA,
3445351,NA,
3468519,NA,
3472453,NA,
3449361,NA,
5168052,NA,
3458139,NA,
4928759,NA,
3460075,NA,
5067486,NA,
5962234,NA,
3449279,NA,
3460056,NA,
6125083,NA,
3468547,NA,
3440477,NA,
3468564,NA,
3671560,NA,
3469704,NA,
3468556,NA,
3671793,NA,
3458349,NA,
3671577,NA,
6125053,NA,
6125335,NA,
6125327,NA,
3472474,NA,
3445309,NA,
6137570,NA,
3671798,NA,
3449443,NA,
4602776,NA,
3468501,NA,
3491787,NA,
3469689,NA,
6125148,NA,
3671498,NA,
3468522,NA,
3445300,NA,
3468487,NA,
3468520,NA,
3472178,NA,
6125322,NA,
3440495,NA,
3468464,NA,
3440502,NA,
3468552,NA,
4928798,NA,
3671873,NA,
3671509,NA,
3671675,NA,
4928780,NA,
6125341,NA,
5157484,NA,
3671898,NA,
3671791,NA,
3449238,NA,
6137535,NA,
3468558,NA,
3472455,NA,
3472174,NA,
3460019,NA,
3472540,NA,
3440512,NA,
3473971,NA,
3468459,NA,
3468492,NA,
7029896,NA,
5962561,NA,
3458279,NA,
6125066,NA,
3472233,NA,
6125378,NA,
3472505,NA,
3472482,NA,
3438635,NA,
6125114,NA,
3472186,NA,
3468498,NA,
5962563,NA,
3445400,NA,
3468508,NA,
3458324,NA,
3671910,NA,
3671715,NA,
5962587,NA,
3449396,NA,
6125092,NA,
3472807,NA,
5962552,NA,
3458119,NA,
3458289,NA,
3472515,NA,
3671712,NA,
3449297,NA,
3440473,NA,
3472793,NA,
4409042,NA,
3469728,NA,
3671655,NA,
3671631,NA,
3671628,NA,
6125330,NA,
4928769,NA,
3449380,NA,
6125150,NA,
6125080,NA,
6397827,NA,
3472185,NA,
3472180,NA,
3458275,NA,
3468458,NA,
5003550,NA,
3458347,NA,
3671711,NA,
3671750,NA,
3671687,NA,
3469715,NA,
3671618,NA,
3468517,NA,
6125336,NA,
3449322,NA,
3671766,NA,
3445314,NA,
5003486,NA,
3458155,NA,
5923311,NA,
3671722,NA,
3440522,NA,
3449453,NA,
6125228,NA,
3468560,NA,
6125168,NA,
5962244,NA,
6137464,NA,
4928819,NA,
4928784,NA,
3472216,NA,
3491761,NA,
7029919,NA,
3449372,NA,
3671811,NA,
3671830,NA,
3449254,NA,
3671620,NA,
7029917,NA,
5003499,NA,
5962248,NA,
7029926,NA,
3671493,NA,
3472511,NA,
6125193,NA,
6137557,NA,
3458321,NA,
6125090,NA,
3461360,NA,
3440493,NA,
3449224,NA,
3671740,NA,
3440499,NA,
6137583,NA,
3472478,NA,
5962238,NA,
3491822,NA,
3445356,NA,
5003479,NA,
6137511,NA,
3491814,NA,
3458311,NA,
3671813,NA,
5962540,NA,
3461353,NA,
3671852,NA,
6125196,NA,
6125329,NA,
6125132,NA,
3460016,NA,
3460082,NA,
3440529,NA,
3671513,NA,
3440583,NA,
6125356,NA,
3671508,NA,
5923342,NA,
3458135,NA,
3468521,NA,
3472790,NA,
3671880,NA,
3671749,NA,
3449439,NA,
6137523,NA,
6125124,NA,
4711000,NA,
3472223,NA,
3472166,NA,
3445465,NA,
3460048,NA,
3468480,NA,
3469699,NA,
5003492,NA,
3460069,NA,
3671723,NA,
6125285,NA,
6242023,NA,
3449416,NA,
3440550,NA,
5003546,NA,
3472766,NA,
3671544,NA,
3468454,NA,
3472190,NA,
6137571,NA,
5923340,NA,
6242028,NA,
3671519,NA,
6125266,NA,
3458134,NA,
3449456,NA,
3491799,NA,
3449446,NA,
3472195,NA,
6125287,NA,
3671505,NA,
6315185,NA,
3671674,NA,
3671614,NA,
3491802,NA,
3440544,NA,
3671605,NA,
3472218,NA,
3472826,NA,
6137554,NA,
6125200,NA,
3461379,NA,
3461396,NA,
3671701,NA,
3472224,NA,
4723455,NA,
6125179,NA,
3460049,NA,
4928762,NA,
3468497,NA,
4928744,NA,
5003524,NA,
3445281,NA,
4928727,NA,
3671691,NA,
3671870,NA,
3671499,NA,
3458353,NA,
3472804,NA,
3671515,NA,
3460055,NA,
6125139,NA,
5962251,NA,
6125121,NA,
3671570,NA,
3445308,NA,
3468527,NA,
3458198,NA,
3671623,NA,
3445338,NA,
3472530,NA,
6137563,NA,
6137494,NA,
3458194,NA,
6397824,NA,
3445304,NA,
3449269,NA,
6137466,NA,
3472819,NA,
7029842,NA,
3458197,NA,
6125268,NA,
6125184,NA,
3472249,NA,
6137580,NA,
3491843,NA,
3671682,NA,
3469676,NA,
3468533,NA,
5003537,NA,
3491831,NA,
3469722,NA,
3458152,NA,
3671820,NA,
3671838,NA,
3671771,NA,
3440501,NA,
4723444,NA,
3468484,NA,
3440517,NA,
3491815,NA,
3440508,NA,
6137521,NA,
6137532,NA,
6125252,NA,
6125383,NA,
3458181,NA,
3458136,NA,
4409043,NA,
3472491,NA,
3671825,NA,
3671518,NA,
3468516,NA,
6137534,NA,
3671679,NA,
3472225,NA,
6125081,NA,
3468553,NA,
3491798,NA,
7029938,NA,
6137469,NA,
5962554,NA,
4602796,NA,
3445323,NA,
3468470,NA,
3671554,NA,
3671840,NA,
3469698,NA,
6125245,NA,
6125093,NA,
6664122,NA,
3449242,NA,
6125348,NA,
6125238,NA,
3460037,NA,
7029865,NA,
3491826,NA,
3472813,NA,
3472226,NA,
4409049,NA,
7029949,NA,
4928741,NA,
5962254,NA,
3671693,NA,
3472471,NA,
3458132,NA,
3469732,NA,
6125110,NA,
3461359,NA,
3438663,NA,
5003498,NA,
3438609,NA,
3445305,NA,
3460046,NA,
3468541,NA,
3671541,NA,
3440546,NA,
3468456,NA,
3445354,NA,
3445340,NA,
3468466,NA,
4928813,NA,
6125135,NA,
3469695,NA,
4723461,NA,
3472489,NA,
3472192,NA,
7029971,NA,
3460040,NA,
3671491,NA,
3671829,NA,
3671602,NA,
3468502,NA,
3469726,NA,
3469708,NA,
3671699,NA,
3458358,NA,
3472181,NA,
6125405,NA,
3458190,NA,
3449326,NA,
3472164,NA,
3468499,NA,
4602777,NA,
3472757,NA,
3440525,NA,
3438666,NA,
6125181,NA,
3491836,NA,
3472473,NA,
3440568,NA,
3468528,NA,
3468493,NA,
3472165,NA,
3491788,NA,
3440467,NA,
4928809,NA,
3449257,NA,
3460062,NA,
6125131,NA,
3671871,NA,
5003490,NA,
3445284,NA,
3491797,NA,
3671727,NA,
3445312,NA,
3671785,NA,
6125140,NA,
3472761,NA,
3472219,NA,
3449240,NA,
3449473,NA,
6125359,NA,
6125283,NA,
3449360,NA,
3445441,NA,
3438657,NA,
3472232,NA,
7029943,NA,
3473980,NA,
3472213,NA,
5962579,NA,
6125098,NA,
7029970,NA,
3468495,NA,
3472457,NA,
3671546,NA,
3671698,NA,
3671662,NA,
3469669,NA,
3671850,NA,
3440476,NA,
3458339,NA,
3472802,NA,
6137531,NA,
3671802,NA,
3440463,NA,
3472740,NA,
3671862,NA,
3449362,NA,
4723446,NA,
3449507,NA,
6125293,NA,
3449321,NA,
3472237,NA,
3460023,NA,
6137505,NA,
6137545,NA,
3440567,NA,
3671781,NA,
3461347,NA,
3438643,NA,
3671778,NA,
3458335,NA,
3468540,NA,
3671816,NA,
3671718,NA,
7029847,NA,
6125087,NA,
3671876,NA,
3671888,NA,
3445289,NA,
5962264,NA,
3671643,NA,
3468505,NA,
3460057,NA,
3468514,NA,
3468506,NA,
3461373,NA,
4928775,NA,
3449368,NA,
5962575,NA,
4409039,NA,
3671729,NA,
3491842,NA,
3472204,NA,
5923343,NA,
5962538,NA,
3472776,NA,
6125071,NA,
3460072,NA,
3458168,NA,
5003526,NA,
3472791,NA,
3671893,NA,
4928763,NA,
3472485,NA,
3671795,NA,
3671649,NA,
3458359,NA,
5962245,NA,
3440462,NA,
3472777,NA,
3491762,NA,
3445344,NA,
3445406,NA,
3671494,NA,
3469696,NA,
3461366,NA,
5962565,NA,
3458368,NA,
3438672,NA,
5003517,NA,
3458085,NA,
3472747,NA,
3445432,NA,
3449291,NA,
4723443,NA,
3472787,NA,
6125304,NA,
6125117,NA,
6125164,NA,
3449429,NA,
3469670,NA,
6125151,NA,
3460058,NA,
3445421,NA,
3440461,NA,
3445330,NA,
5962236,NA,
3461403,NA,
3472823,NA,
4928755,NA,
5962573,NA,
3469672,NA,
3671511,NA,
3671704,NA,
5923327,NA,
6125323,NA,
7029883,NA,
3458365,NA,
3671594,NA,
3440527,NA,
3468474,NA,
3671566,NA,
3449537,NA,
3671678,NA,
4928787,NA,
3449450,NA,
6137480,NA,
3449528,NA,
6137569,NA,
3449374,NA,
3440569,NA,
3472745,NA,
4928758,NA,
5923314,NA,
3445428,NA,
3468561,NA,
3671526,NA,
3671680,NA,
3671708,NA,
3671843,NA,
3438637,NA,
3491823,NA,
3671669,NA,
3468534,NA,
6242030,NA,
3671844,NA,
3472220,NA,
7029878,NA,
3491764,NA,
3440458,NA,
3458148,NA,
6125127,NA,
3445462,NA,
3440526,NA,
3445415,NA,
3449436,NA,
3449265,NA,
6137540,NA,
3440565,NA,
5157491,NA,
3671879,NA,
3671490,NA,
4928818,NA,
3472241,NA,
3472821,NA,
3440556,NA,
4409046,NA,
4409051,NA,
6137530,NA,
5962571,NA,
3671611,NA,
3671782,NA,
5003487,NA,
3671700,NA,
3671556,NA,
3472459,NA,
5003488,NA,
3440520,NA,
3445471,NA,
3440466,NA,
3440500,NA,
3468515,NA,
3458126,NA,
6125105,NA,
6125059,NA,
3472230,NA,
7029959,NA,
3472173,NA,
3449408,NA,
5923338,NA,
6125197,NA,
3449464,NA,
6137565,NA,
7029955,NA,
3671580,NA,
3449369,NA,
3671851,NA,
3671737,NA,
3671732,NA,
3671860,NA,
3671845,NA,
3671768,NA,
4409050,NA,
6137572,NA,
3460078,NA,
3460052,NA,
4409028,NA,
3440465,NA,
3671548,NA,
3472447,NA,
3671521,NA,
3445327,NA,
4928747,NA,
3449496,NA,
6125175,NA,
3438631,NA,
3671658,NA,
5066153,NA,
3472768,NA,
3671744,NA,
5066145,NA,
6125054,NA,
3671877,NA,
3469719,NA,
3468554,NA,
5962240,NA,
3449309,NA,
3469677,NA,
3472796,NA,
3472788,NA,
6125363,NA,
3458378,NA,
3458371,NA,
3468548,NA,
3491783,NA,
3458325,NA,
3671522,NA,
3440545,NA,
3491771,NA,
5962570,NA,
6125050,NA,
3440460,NA,
3461393,NA,
3445399,NA,
3491825,NA,
3458280,NA,
6125374,NA,
3449274,NA,
4928725,NA,
3449498,NA,
5962233,NA,
3449260,NA,
3445474,NA,
3461397,NA,
5003527,NA,
6137610,NA,
6125234,NA,
5923322,NA,
5962557,NA,
3671639,NA,
3468491,NA,
3671761,NA,
3458117,NA,
3472743,NA,
3671619,NA,
3460050,NA,
3472773,NA,
7029862,NA,
3472189,NA,
3671609,NA,
3440481,NA,
3458121,NA,
5923336,NA,
3461346,NA,
3458170,NA,
4602789,NA,
3671607,NA,
6137487,NA,
3671690,NA,
3472771,NA,
6125107,NA,
3449542,NA,
3445313,NA,
3445301,NA,
3491845,NA,
3445335,NA,
3440555,NA,
3440534,NA,
6125347,NA,
3468549,NA,
3472748,NA,
3458276,NA,
3671769,NA,
3472801,NA,
7029841,NA,
4928756,NA,
3472756,NA,
3671858,NA,
3491818,NA,
3461349,NA,
3458086,NA,
4928797,NA,
3671717,NA,
3445453,NA,
4602785,NA,
6137498,NA,
6125213,NA,
3449435,NA,
6125286,NA,
3449534,NA,
6125045,NA,
6125316,NA,
3438608,NA,
6125162,NA,
3671529,NA,
3472217,NA,
3468531,NA,
3461401,NA,
4602780,NA,
3458351,NA,
3468518,NA,
3671667,NA,
3671635,NA,
3491763,NA,
5003491,NA,
3468461,NA,
5003539,NA,
3472452,NA,
3449455,NA,
3671696,NA,
3440486,NA,
4928735,NA,
3458364,NA,
6125216,NA,
3472744,NA,
3671622,NA,
3460067,NA,
6125307,NA,
6125324,NA,
3449275,NA,
6125366,NA,
3438603,NA,
6137470,NA,
3458341,NA,
5962569,NA,
3445315,NA,
5003508,NA,
3440504,NA,
3472158,NA,
4409044,NA,
3671747,NA,
3671833,NA,
7029908,NA,
5066161,NA,
3491794,NA,
3472198,NA,
3469683,NA,
5923315,NA,
6125199,NA,
3445307,NA,
3468469,NA,
7029867,NA,
5003502,NA,
3491821,NA,
3671502,NA,
3472212,NA,
3458196,NA,
3671563,NA,
3445343,NA,
3458127,NA,
5962582,NA,
3671633,NA,
3472197,NA,
3469686,NA,
6125265,NA,
3469679,NA,
3438681,NA,
5157489,NA,
6125160,NA,
3671684,NA,
3468486,NA,
6242024,NA,
3440576,NA,
4991218,NA,
3440464,NA,
3445288,NA,
3460066,NA,
6242029,NA,
3460083,NA,
6137609,NA,
3458308,NA,
3458137,NA,
3671707,NA,
3472775,NA,
4928724,NA,
3671853,NA,
3671863,NA,
3491775,NA,
3671865,NA,
3671590,NA,
3461388,NA,
3458173,NA,
3671668,NA,
3469706,NA,
5962577,NA,
5003538,NA,
4928793,NA,
3472179,NA,
6125229,NA,
3445466,NA,
6125290,NA,
6125212,NA,
5923316,NA,
3449352,NA,
3671533,NA,
3440491,NA,
3671875,NA,
6125224,NA,
5003483,NA,
3671599,NA,
6125115,NA,
5923344,NA,
3671551,NA,
3468537,NA,
3458157,NA,
3671576,NA,
3671492,NA,
3472774,NA,
3671909,NA,
3458283,NA,
3472170,NA,
3671664,NA,
3671794,NA,
3671536,NA,
5003480,NA,
4723452,NA,
3671520,NA,
6125204,NA,
3445311,NA,
3458346,NA,
3491838,NA,
3440497,NA,
3449447,NA,
3671593,NA,
3468562,NA,
3440498,NA,
3671524,NA,
3491792,NA,
3469674,NA,
3491793,NA,
3671545,NA,
7309477,NA,
3458337,NA,
3671900,NA,
3461381,NA,
3671621,NA,
3671762,NA,
3445357,NA,
3438614,NA,
3671555,NA,
3460024,NA,
5962231,NA,
6125055,NA,
4928812,NA,
5003545,NA,
3449233,NA,
4602794,NA,
3449533,NA,
3468455,NA,
3440510,NA,
5962558,NA,
3461363,NA,
3445437,NA,
3491790,NA,
5923334,NA,
3449219,NA,
3671495,NA,
4928739,NA,
6125194,NA,
3445445,NA,
3460014,NA,
3671720,NA,
3472177,NA,
3671585,NA,
3440578,NA,
4409041,NA,
3472524,NA,
3438617,NA,
6137512,NA,
3458281,NA,
3458345,NA,
3472162,NA,
3445321,NA,
3472202,NA,
3671831,NA,
6137477,NA,
3438674,NA,
5923332,NA,
5923323,NA,
3468511,NA,
3472811,NA,
3491804,NA,
5003514,NA,
6137608,NA,
3671834,NA,
3440519,NA,
3671897,NA,
5962235,NA,
7029916,NA,
3472805,NA,
5923339,NA,
3472818,NA,
6242026,NA,
3472240,NA,
5003495,NA,
5003509,NA,
3671600,NA,
3440535,NA,
3671579,NA,
5003547,NA,
3440494,NA,
6125222,NA,
3472754,NA,
3445295,NA,
6125049,NA,
3458145,NA,
6137484,NA,
3472458,NA,
3440515,NA,
3449470,NA,
3472516,NA,
3460036,NA,
3468524,NA,
3461375,NA,
3449317,NA,
6125243,NA,
3491812,NA,
6125332,NA,
4409035,NA,
3473975,NA,
6137509,NA,
3491759,NA,
3461386,NA,
3671706,NA,
3445322,NA,
6137507,NA,
5003512,NA,
5962259,NA,
3440505,NA,
3458384,NA,
6242031,NA,
3671610,NA,
3469707,NA,
3445336,NA,
3461400,NA,
3438610,NA,
4928785,NA,
6125043,NA,
3469714,NA,
3438675,NA,
3671672,NA,
3671783,NA,
3671896,NA,
3671650,NA,
3472799,NA,
3472206,NA,
3468509,NA,
3671894,NA,
4928794,NA,
3671543,NA,
3671688,NA,
6125134,NA,
3472479,NA,
3449387,NA,
3449366,NA,
3671705,NA,
3671760,NA,
3458303,NA,
3445299,NA,
3472451,NA,
3461352,NA,
3671625,NA,
3671561,NA,
6125298,NA,
6125125,NA,
3469681,NA,
3671656,NA,
3472496,NA,
3671735,NA,
3445324,NA,
3440489,NA,
3461374,NA,
4928745,NA,
3468512,NA,
5923331,NA,
3438612,NA,
6242034,NA,
3469730,NA,
3671725,NA,
3445345,NA,
6137607,NA,
3671571,NA,
3671891,NA,
3671890,NA,
3445410,NA,
3458146,NA,
3469694,NA,
4928774,NA,
3460068,NA,
3445467,NA,
3472461,NA,
3472767,NA,
6125072,NA,
6125217,NA,
3468479,NA,
6125147,NA,
3472477,NA,
3472448,NA,
4928746,NA,
3460070,NA,
3472469,NA,
3445430,NA,
3438658,NA,
5962560,NA,
6125091,NA,
5962261,NA,
3449295,NA,
6125099,NA,
5003528,NA,
3440531,NA,
3460054,NA,
3468529,NA,
3445460,NA,
5962545,NA,
6125361,NA,
3671531,NA,
3469673,NA,
3472470,NA,
4723453,NA,
5962539,NA,
3458149,NA,
6125123,NA,
3671597,NA,
3458142,NA,
5003536,NA,
3671532,NA,
3440532,NA,
3445339,NA,
3458092,NA,
3458128,NA,
3671743,NA,
5962588,NA,
3472172,NA,
3445297,NA,
3472510,NA,
5065916,NA,
3472167,NA,
3449420,NA,
3458192,NA,
3449525,NA,
6125326,NA,
3469733,NA,
3458297,NA,
6125227,NA,
3438626,NA,
3671703,NA,
3469682,NA,
3671651,NA,
3438638,NA,
3671601,NA,
3472781,NA,
3445342,NA,
3671809,NA,
3671540,NA,
3472475,NA,
3440543,NA,
3440490,NA,
3440553,NA,
3671660,NA,
5962241,NA,
6125288,NA,
3458100,NA,
5923333,NA,
3671804,NA,
3491813,NA,
3468513,NA,
3671764,NA,
5962239,NA,
3671800,NA,
5923329,NA,
3449460,NA,
3472222,NA,
6137499,NA,
3671644,NA,
3449424,NA,
5962250,NA,
3469675,NA,
3472210,NA,
3440523,NA,
3472792,NA,
6125172,NA,
3472533,NA,
6125312,NA,
3468504,NA,
3449469,NA,
3469724,NA,
5962574,NA,
3472175,NA,
3671775,NA,
7029962,NA,
5003504,NA,
7029846,NA,
3671507,NA,
6125137,NA,
3472803,NA,
3671770,NA,
3461361,NA,
5003548,NA,
3671677,NA,
3472762,NA,
5003521,NA,
6142314,NA,
6125206,NA,
3445306,NA,
3458111,NA,
3458315,NA,
3671728,NA,
3458114,NA,
7029855,NA,
3438600,NA,
3671882,NA,
3472797,NA,
3458091,NA,
6137568,NA,
3460020,NA,
3671836,NA,
3671572,NA,
3671819,NA,
3449258,NA,
4602793,NA,
3469710,NA,
3671632,NA,
3468545,NA,
4928772,NA,
3671653,NA,
3671497,NA,
3671710,NA,
5923320,NA,
3472159,NA,
3449410,NA,
6125122,NA,
3449389,NA,
6137556,NA,
3445319,NA,
3440540,NA,
3472764,NA,
3671670,NA,
5962537,NA,
3440581,NA,
3671489,NA,
3468462,NA,
3671616,NA,
3438678,NA,
3671603,NA,
6125201,NA,
3472454,NA,
3460060,NA,
3438669,NA,
3445454,NA,
3468523,NA,
3671821,NA,
4602788,NA,
6242027,NA,
3461402,NA,
3445407,NA,
3458270,NA,
3458370,NA,
3438630,NA,
3440492,NA,
4928796,NA,
4928761,NA,
3671859,NA,
3438592,NA,
3458158,NA,
6781810,NA,
4928752,NA,
3461394,NA,
3458186,NA,
6125075,NA,
4928764,NA,
6125191,NA,
5962555,NA,
7029860,NA,
6125277,NA,
3469684,NA,
6125281,NA,
3491834,NA,
3671640,NA,
5962263,NA,
3671832,NA,
3461356,NA,
7029879,NA,
3440566,NA,
6125368,NA,
3458199,NA,
3469729,NA,
3472749,NA,
3671765,NA,
3449474,NA,
3671854,NA,
3671641,NA,
3472816,NA,
3671759,NA,
3445334,NA,
3472502,NA,
3438649,NA,
3461354,NA,
4928768,NA,
6125267,NA,
3458177,NA,
3458101,NA,
3449234,NA,
3445408,NA,
3460065,NA,
5923348,NA,
6125113,NA,
3472523,NA,
3445397,NA,
5962253,NA,
3468542,NA,
3461391,NA,
6125126,NA,
4928738,NA,
3449466,NA,
3472238,NA,
3472231,NA,
3671796,NA,
6125144,NA,
6137561,NA,
3458375,NA,
3458326,NA,
3469687,NA,
3438613,NA,
3671637,NA,
5962262,NA,
3438654,NA,
3440485,NA,
6125318,NA,
3671755,NA,
5923309,NA,
5003529,NA,
3440533,NA,
3440524,NA,
3671510,NA,
3472234,NA,
3671606,NA,
3671550,NA,
3469667,NA,
3472248,NA,
5923345,NA,
3458187,NA,
3671671,NA,
3472221,NA,
3461372,NA,
3458306,NA,
3458160,NA,
3472800,NA,
5066142,NA,
3445440,NA,
3671636,NA,
7029866,NA,
3458084,NA,
3445414,NA,
6397825,NA,
3671872,NA,
6125183,NA,
4602795,NA,
3449241,NA,
5962243,NA,
3671856,NA,
3472464,NA,
3458093,NA,
3449504,NA,
4602773,NA,
6137510,NA,
3460047,NA,
6125254,NA,
5075765,NA,
3438664,NA,
6137577,NA,
3472214,NA,
3445341,NA,
3469702,NA,
3469671,NA,
3472205,NA,
3472228,NA,
5962230,NA,
3440542,NA,
3458300,NA,
3472752,NA,
3671748,NA,
3438628,NA,
3491760,NA,
5003496,NA,
7029885,NA,
5003541,NA,
3468463,NA,
5003489,NA,
3458277,NA,
3445413,NA,
3671634,NA,
3438602,NA,
3445286,NA,
3449449,NA,
5003530,NA,
3445331,NA,
4602792,NA,
3472227,NA,
3461362,NA,
3449355,NA,
6125079,NA,
6125255,NA,
3469700,NA,
5962542,NA,
3671787,NA,
3671745,NA,
3458295,NA,
6125344,NA,
3671892,NA,
3469701,NA,
4928734,NA,
3468526,NA,
5962255,NA,
3671719,NA,
3458317,NA,
3468473,NA,
3468489,NA,
3671714,NA,
3460029,NA,
3671786,NA,
3458272,NA,
4928803,NA,
3458334,NA,
3472534,NA,
6125103,NA,
3491765,NA,
3449383,NA,
3671612,NA,
7029861,NA,
6137522,NA,
3458340,NA,
4928795,NA,
3458191,NA,
3472465,NA,
3458274,NA,
3472532,NA,
3472536,NA,
3449444,NA,
3491779,NA,
3461364,NA,
3671567,NA,
3458333,NA,
3445328,NA,
3671828,NA,
3449501,NA,
3472525,NA,
3469668,NA,
3473982,NA,
3472486,NA,
3472814,NA,
6125337,NA,
5003522,NA,
6125214,NA,
5003511,NA,
3460022,NA,
3468467,NA,
3491786,NA,
3491781,NA,
3445296,NA,
3671803,NA,
3438598,NA,
3460026,NA,
5962256,NA,
3458338,NA,
3472449,NA,
3671885,NA,
3458183,NA,
5003484,NA,
4928804,NA,
3449236,NA,
3671849,NA,
3449350,NA,
3472798,NA,
3449327,NA,
6125215,NA,
3445438,NA,
3449363,NA,
3445418,NA,
3449483,NA,
4409029,NA,
3440488,NA,
3458185,NA,
3458310,NA,
3438646,NA,
3449324,NA,
4928749,NA,
6125403,NA,
3671564,NA,
7029837,NA,
6125274,NA,
3440509,NA,
4928754,NA,
3445352,NA,
3491844,NA,
3671824,NA,
3445332,NA,
3491777,NA,
3671683,NA,
3460033,NA,
3449342,NA,
6125102,NA,
3671806,NA,
5923337,NA,
3491820,NA,
4928801,NA,
3445425,NA,
3438627,NA,
6125205,NA,
3671589,NA,
4723456,NA,
4928814,NA,
3449223,NA,
3671574,NA,
3671549,NA,
6125130,NA,
3468478,NA,
6125136,NA,
3449392,NA,
3445404,NA,
6137514,NA,
3671776,NA,
3472497,NA,
3440459,NA,
6137574,NA,
3671901,NA,
4602774,NA,
4991216,NA,
3445348,NA,
6125232,NA,
3671663,NA,
3671501,NA,
6125133,NA,
6125386,NA,
3472501,NA,
3449543,NA,
6125272,NA,
3458342,NA,
5962562,NA,
6125085,NA,
6125067,NA,
3472783,NA,
3438611,NA,
5003505,NA,
3460043,NA,
5962547,NA,
5003544,NA,
3671581,NA,
3472466,NA,
3440537,NA,
3468566,NA,
6125203,NA,
3472194,NA,
5962252,NA,
3460071,NA,
4928790,NA,
4723445,NA,
3671575,NA,
3671516,NA,
3458178,NA,
3449388,NA,
6125104,NA,
3461392,NA,
3460045,NA,
7029954,NA,
5962257,NA,
6137578,NA,
4928800,NA,
6125074,NA,
4602779,NA,
6125145,NA,
3468477,NA,
6125273,NA,
3449217,NA,
6125291,NA,
3445310,NA,
7029857,NA,
6137473,NA,
5962584,NA,
3472512,NA,
5003485,NA,
3472509,NA,
5003513,NA,
3671887,NA,
3472741,NA,
5003525,NA,
3445464,NA,
4602772,NA,
3473984,NA,
3472456,NA,
6125230,NA,
6125063,NA,
3671646,NA,
3438650,NA,
6125246,NA,
3472161,NA,
3445294,NA,
3671689,NA,
6125161,NA,
3491784,NA,
3472246,NA,
3472751,NA,
3458108,NA,
4928723,NA,
3458354,NA,
3458372,NA,
6125069,NA,
3491806,NA,
3445452,NA,
3449510,NA,
3671736,NA,
3449457,NA,
5003543,NA,
3458151,NA,
3461376,NA,
6137468,NA,
3472755,NA,
6242033,NA,
4409031,NA,
3449267,NA,
4928778,NA,
3671842,NA,
3671512,NA,
7029927,NA,
3458113,NA,
4997915,NA,
3718344,NA,
3469718,NA,
3469720,NA,
6125163,NA,
3458322,NA,
3460031,NA,
6137526,NA,
3671586,NA,
3671716,NA,
3671562,NA,
3468555,NA,
3472815,NA,
3472203,NA,
3445347,NA,
3461382,NA,
3468457,NA,
3440528,NA,
3491808,NA,
6137544,NA,
4928810,NA,
3671535,NA,
4723454,NA,
5003493,NA,
3449480,NA,
3449251,NA,
3449527,NA,
3671878,NA,
6125209,NA,
3438632,NA,
3458363,NA,
3449395,NA,
3449337,NA,
7029882,NA,
4602771,NA,
3440564,NA,
3472514,NA,
3671846,NA,
6125399,NA,
3458336,NA,
3671713,NA,
3458293,NA,
3458329,NA,
3468535,NA,
3671792,NA,
3458298,NA,
3460013,NA,
6125269,NA,
3458309,NA,
3491791,NA,
5003516,NA,
3468538,NA,
3458352,NA,
3491800,NA,
3458120,NA,
3671629,NA,
3458328,NA,
3671530,NA,
5962249,NA,
3458147,NA,
3458385,NA,
7029968,NA,
3460032,NA,
3469691,NA,
3458344,NA,
4928776,NA,
3671558,NA,
3460015,NA,
3445298,NA,
6137482,NA,
3671784,NA,
3458318,NA,
3449277,NA,
3469693,NA,
3671752,NA,
6242032,NA,
3491782,NA,
3472494,NA,
4928811,NA,
3472492,NA,
3468494,NA,
3440575,NA,
3491770,NA,
7029952,NA,
3472498,NA,
6125350,NA,
3458383,NA,
5065923,NA,
4928730,NA,
3472196,NA,
6984914,NA,
3440469,NA,
3671810,NA,
3445424,NA,
3460079,NA,
6137502,NA,
3458287,NA,
3438606,NA,
4409045,NA,
3671814,NA,
5003540,NA,
4928817,NA,
6125064,NA,
3468539,NA,
6125051,NA,
3449225,NA,
3671739,NA,
3449235,NA,
3445458,NA,
6137474,NA,
5003501,NA,
4997912,NA,
3671906,NA,
3445461,NA,
6125088,NA,
3438636,NA,
3671812,NA,
3472789,NA,
3461357,NA,
3472247,NA,
3671661,NA,
3491785,NA,
3458316,NA,
5157488,NA,
3445282,NA,
3449367,NA,
3671751,NA,
3445349,NA,
5066144,NA,
5157492,NA,
6125189,NA,
3671537,NA,
3438615,NA,
3458285,NA,
3440496,NA,
3491767,NA,
3445292,NA,
4602791,NA,
3472794,NA,
3671559,NA,
3671734,NA,
4928821,NA,
3449318,NA,
3449489,NA,
4723447,NA,
6125360,NA,
3445423,NA,
3449393,NA,
3449307,NA,
3460028,NA,
6125167,NA,
3449292,NA,
3671692,NA,
3472229,NA,
6137533,NA,
6137573,NA,
5923330,NA,
3458169,NA,
6125174,NA,
3468476,NA,
5923341,NA,
3671731,NA,
4602782,NA,
3458343,NA,
3449523,NA,
3461383,NA,
3458301,NA,
3472822,NA,
3472739,NA,
3449421,NA,
6125154,NA,
3472493,NA,
5962567,NA,
3491840,NA,
3671780,NA,
3458125,NA,
3449518,NA,
5962583,NA,
5962229,NA,
3445427,NA,
3458090,NA,
3671534,NA,
3671790,NA,
3449268,NA,
3449434,NA,
3449381,NA,
3472500,NA,
3671654,NA,
3449302,NA,
3449519,NA,
6137488,NA,
6125401,NA,
3449301,NA,
6125169,NA,
3468550,NA,
3449365,NA,
3458362,NA,
3449286,NA,
3472476,NA,
3449356,NA,
3458361,NA,
3449481,NA,
3458377,NA,
3472806,NA,
4409032,NA,
3458314,NA,
5962534,NA,
3458299,NA,
3458284,NA,
3458271,NA,
3438656,NA,
3472772,NA,
3461358,NA,
3461355,NA,
3473978,NA,
3438619,NA,
3449284,NA,
3438620,NA,
3491780,NA,
7597954,NA,
4928786,NA,
3472769,NA,
4928748,NA,
3458369,NA,
3440584,NA,
3460035,NA,
4928781,NA,
3671826,NA,
3449273,NA,
3458088,NA,
3472828,NA,
6125233,NA,
6137508,NA,
6125352,NA,
3449459,NA,
3671694,NA,
6137519,NA,
3440548,NA,
6125262,NA,
3671779,NA,
3671773,NA,
3458332,NA,
3449471,NA,
3445469,NA,
3472506,NA,
6125120,NA,
3440551,NA,
5962546,NA,
6125056,NA,
3438594,NA,
3438679,NA,
6125119,NA,
3449332,NA,
3440487,NA,
6137516,NA,
5791868,NA,
3671538,NA,
3468551,NA,
5962559,NA,
3491766,NA,
3440536,NA,
3671673,NA,
5962232,NA,
5003520,NA,
3468559,NA,
3671695,NA,
3491772,NA,
4723451,NA,
6125152,NA,
3461390,NA,
6137520,NA,
3671604,NA,
3472750,NA,
3461369,NA,
6011996,NA,
3458082,NA,
3440474,NA,
3472824,NA,
3445333,NA,
3458156,NA,
6125358,NA,
6137581,NA,
6137552,NA,
3671889,NA,
6137562,NA,
3671754,NA,
3449485,NA,
3671686,NA,
3445317,NA,
4928802,NA,
6125046,NA,
6125310,NA,
5962544,NA,
3449433,NA,
3671527,NA,
3445457,NA,
5962548,NA,
3671797,NA,
3472463,NA,
6125276,NA,
3472753,NA,
7029933,NA,
3458184,NA,
6125041,NA,
3671883,NA,
5003534,NA,
4723449,NA,
4928743,NA,
3472193,NA,
3472810,NA,
3449391,NA,
3458355,NA,
3449515,NA,
3445409,NA,
5962586,NA,
3445443,NA,
3449331,NA,
3458081,NA,
3472763,NA,
3445394,NA,
3445293,NA,
3671855,NA,
3449270,NA,
3472488,NA,
3472460,NA,
6125112,NA,
6125220,NA,
3445448,NA,
3449229,NA,
6125128,NA,
3491807,NA,
3449438,NA,
3473985,NA,
3491830,NA,
6125345,NA,
3461370,NA,
3671568,NA,
6125082,NA,
3491801,NA,
6242021,NA,
3460074,NA,
3671642,NA,
6125118,NA,
3460034,NA,
6125270,NA,
3472812,NA,
3438673,NA,
3460030,NA,
3445325,NA,
3440484,NA,
3458161,NA,
4928732,NA,
6137495,NA,
3449264,NA,
3449419,NA,
4723448,NA,
6137496,NA,
3449418,NA,
3468485,NA,
6137504,NA,
3449465,NA,
3671659,NA,
3671617,NA,
3671557,NA,
3440539,NA,
3460073,NA,
3440518,NA,
5962246,NA,
3449263,NA,
3472171,NA,
4928808,NA,
6125292,NA,
3458357,NA,
7029920,NA,
6125249,NA,
3438622,NA,
3671746,NA,
3671514,NA,
3445434,NA,
3671624,NA,
5003500,NA,
3440554,NA,
3458188,NA,
3468546,NA,
3458172,NA,
3458366,NA,
4928792,NA,
3458167,NA,
3449283,NA,
3449546,NA,
6137553,NA,
6125377,NA,
3458166,NA,
3449378,NA,
3449376,NA,
3449227,NA,
6137478,NA,
3449354,NA,
4928766,NA,
3449311,NA,
3491776,NA,
3440561,NA,
3445401,NA,
4928733,NA,
3449228,NA,
3445470,NA,
6125289,NA,
3458291,NA,
3671569,NA,
3461367,NA,
6125317,NA,
3458138,NA,
4928771,NA,
5923319,NA,
3445439,NA,
6137575,NA,
3472208,NA,
6125116,NA,
3449522,NA,
5962566,NA,
5003494,NA,
3472742,NA,
5604352,NA,
3461377,NA,
3491841,NA,
3458278,NA,
6125061,NA,
3458302,NA,
5962247,NA,
3468557,NA,
3671645,NA,
3461399,NA,
6125357,NA,
3460039,NA,
3458116,NA,
3440559,NA,
6137467,NA,
3438601,NA,
3445350,NA,
6125076,NA,
3449293,NA,
7029863,NA,
3671657,NA,
3449280,NA,
6137476,NA,
6125094,NA,
3449315,NA,
3472200,NA,
3458107,NA,
6125404,NA,
3438670,NA,
3472758,NA,
3671799,NA,
3491768,NA,
3671774,NA,
3472779,NA,
6137513,NA,
3458356,NA,
3449349,NA,
3449514,NA,
3438621,NA,
6125250,NA,
3440479,NA,
7029909,NA,
3671542,NA,
6125398,NA,
3445283,NA,
3440530,NA,
5923310,NA,
6125068,NA,
5003519,NA,
3449261,NA,
6125155,NA,
5962576,NA,
3460025,NA,
3449323,NA,
6125244,NA,
4928757,NA,
6125089,NA,
3472201,NA,
3671647,NA,
4928807,NA,
6124849,NA,
3671547,NA,
6125379,NA,
3440573,NA,
3458288,NA,
3671539,NA,
6125241,NA,
3438591,NA,
3671506,NA,
3458376,NA,
3472163,NA,
3468510,NA,
3472526,NA,
3445291,NA,
3458099,NA,
3671504,NA,
3438599,NA,
3460061,NA,
3449431,NA,
3449334,NA,
3440563,NA,
3491810,NA,
5962541,NA,
6125389,NA,
3671827,NA,
3472785,NA,
3449508,NA,
3671763,NA,
3449347,NA,
3449472,NA,
3449294,NA,
3449477,NA,
6125226,NA,
3461368,NA,
3449373,NA,
3449502,NA,
4409036,NA,
5962550,NA,
3445416,NA,
3449281,NA,
3445463,NA,
3469712,NA,
3445320,NA,
3491833,NA,
3440570,NA,
3469725,NA,
5003533,NA,
3472784,NA,
3438647,NA,
3449320,NA,
3671904,NA,
5923335,NA,
6125300,NA,
3671808,NA,
3445398,NA,
3461389,NA,
3438644,NA,
3449461,NA,
6125349,NA,
6137525,NA,
3671552,NA,
3460063,NA,
3440557,NA,
3449545,NA,
6137584,NA,
6125142,NA,
3491817,NA,
6137472,NA,
3472484,NA,
6397822,NA,
3449246,NA,
3449259,NA,
3449467,NA,
3445303,NA,
6137490,NA,
5923312,NA,
3671596,NA,
5003549,NA,
3449390,NA,
3458150,NA,
3449364,NA,
3438680,NA,
3449231,NA,
3472245,NA,
7029870,NA,
3440538,NA,
5923321,NA,
5962568,NA,
3469711,NA,
3438634,NA,
3458171,NA,
5003503,NA,
4928823,NA,
3445468,NA,
3440580,NA,
3472528,NA,
3438605,NA,
7029894,NA,
3671573,NA,
3449308,NA,
3472513,NA,
6125351,NA,
3461348,NA,
3472522,NA,
3472160,NA,
6125153,NA,
3469703,NA,
6125294,NA,
3449479,NA,
3671496,NA,
4928729,NA,
3449245,NA,
6125185,NA,
3472760,NA,
3438625,NA,
3458360,NA,
3671738,NA,
3671627,NA,
4928740,NA,
3671837,NA,
3438629,NA,
3458367,NA,
3449493,NA,
3449243,NA,
3469734,NA,
3491805,NA,
3449462,NA,
3491816,NA,
3440470,NA,
7029923,NA,
3460018,NA,
3472537,NA,
3445302,NA,
4409040,NA,
3671758,NA,
6137543,NA,
4409047,NA,
3472780,NA,
3445431,NA,
6125208,NA,
3449379,NA,
3671730,NA,
3449239,NA,
6125402,NA,
4928782,NA,
6125138,NA,
3458296,NA,
3491796,NA,
3491795,NA,
3440552,NA,
4928767,NA,
5962556,NA,
3458163,NA,
6125297,NA,
3469688,NA,
3440475,NA,
6137542,NA,
4928791,NA,
3671503,NA,
3460044,NA,
4723439,NA,
3449382,NA,
3449358,NA,
6137559,NA,
3671709,NA,
6125342,NA,
3449442,NA,
6125106,NA,
3449255,NA,
3472820,NA,
6125062,NA,
3449253,NA,
3468471,NA,
6125060,NA,
3449468,NA,
3438648,NA,
7029848,NA,
5923324,NA,
3458327,NA,
6125165,NA,
3458292,NA,
3445396,NA,
4409034,NA,
4928726,NA,
3458105,NA,
3449247,NA,
5923308,NA,
5003506,NA,
3440507,NA,
6125320,NA,
3449452,NA,
3671608,NA,
3440547,NA,
3449312,NA,
3458140,NA,
6137539,NA,
3449298,NA,
3472495,NA,
3671742,NA,
3449520,NA,
3671908,NA,
6125338,NA,
3671613,NA,
3440521,NA,
5699397,NA,
3438642,NA,
3449316,NA,
3461398,NA,
6125284,NA,
3472809,NA,
5066140,NA,
4928820,NA,
3671907,NA,
6125346,NA,
3472786,NA,
3438668,NA,
3440483,NA,
5003532,NA,
3449290,NA,
3445402,NA,
3491829,NA,
6125111,NA,
3472520,NA,
3671881,NA,
3438667,NA,
6125321,NA,
3449476,NA,
3472207,NA,
3449500,NA,
3458320,NA,
3458386,NA,
3449335,NA,
6125314,NA,
3438676,NA,
3458087,NA,
6125303,NA,
5962260,NA,
3438595,NA,
3472487,NA,
3458089,NA,
3458350,NA,
4928815,NA,
3460038,NA,
3469690,NA,
3458174,NA,
4602790,NA,
3472808,NA,
3469727,NA,
4409033,NA,
3472527,NA,
3445346,NA,
6125178,NA,
4928742,NA,
6137465,NA,
6125260,NA,
6137529,NA,
6125256,NA,
6125385,NA,
3449404,NA,
6125280,NA,
3449538,NA,
3458115,NA,
3449484,NA,
3449475,NA,
6137491,NA,
3449250,NA,
3449454,NA,
3671847,NA,
3472507,NA,
6125052,NA,
3472535,NA,
7029965,NA,
3438604,NA,
3472184,NA,
3449351,NA,
3445329,NA,
3491832,NA,
5962553,NA,
3445318,NA,
3458118,NA,
3449296,NA,
3449313,NA,
3440503,NA,
3449310,NA,
3469723,NA,
3449306,NA,
3449403,NA,
6137524,NA,
3449338,NA,
3671772,NA,
3671652,NA,
5066143,NA,
3491769,NA,
3449339,NA,
3458133,NA,
3449299,NA,
6125192,NA,
3449521,NA,
4723438,NA,
3469666,NA,
3472490,NA,
3438662,NA,
3449412,NA,
3440506,NA,
3491811,NA,
5168051,NA,
5156738,NA,
3438618,NA,
3445435,NA,
3449425,NA,
5923346,NA,
6125225,NA,
5003518,NA,
6125097,NA,
3461384,NA,
3449266,NA,
6137475,NA,
5962578,NA,
6125259,NA,
3461395,NA,
6137560,NA,
6137606,NA,
3449319,NA,
3472472,NA,
3449371,NA,
6137537,NA,
6125240,NA,
5003523,NA,
7309478,NA,
3472243,NA,
3458176,NA,
6125306,NA,
6125391,NA,
3491773,NA,
5923317,NA,
3461350,NA,
4928783,NA,
6125355,NA,
4409037,NA,
6125387,NA,
6137586,NA,
6137548,NA,
3445393,NA,
3461380,NA,
3438645,NA,
3671868,NA,
4723440,NA,
3671733,NA,
3472499,NA,
3458180,NA,
3449428,NA,
3449314,NA,
6125315,NA,
3458273,NA,
4928770,NA,
3449222,NA,
6125392,NA,
3491837,NA,
3491839,NA,
3440468,NA,
3445449,NA,
6125343,NA,
3449503,NA,
3472782,NA,
6137517,NA,
6125339,NA,
6125237,NA,
3491778,NA,
6125156,NA,
3458312,NA,
3473977,NA,
3491803,NA,
3445446,NA,
3460021,NA,
3449423,NA,
3440482,NA,
3449499,NA,
6125309,NA,
3472199,NA,
6125261,NA,
3449359,NA,
6125236,NA,
3449495,NA,
3449458,NA,
4928799,NA,
4409030,NA,
3445442,NA,
3438651,NA,
6125331,NA,
6137558,NA,
3671861,NA,
3460017,NA,
3671595,NA,
3438616,NA,
3671902,NA,
3445444,NA,
6137587,NA,
3671903,NA,
3449529,NA,
3469716,NA,
3449427,NA,
4723457,NA,
6137497,NA,
4723441,NA,
4997913,NA,
4928736,NA,
3449517,NA,
5003481,NA,
3445290,NA,
6125390,NA,
3440577,NA,
3671592,NA,
6125396,NA,
5066158,NA,
6125397,NA,
3449478,NA,
3472541,NA,
3449497,NA,
3461351,NA,
5921845,NA,
6125070,NA,
3440572,NA,
3449397,NA,
6125108,NA,
6137588,NA,
3469731,NA,
3472215,NA,
6125275,NA,
3671753,NA,
3472211,NA,
3449492,NA,
6125400,NA,
6125308,NA,
3461387,NA,
3458110,NA,
6125257,NA,
3449491,NA,
3449536,NA,
3449282,NA,
6137576,NA,
3449532,NA,
6125367,NA,
3438661,NA,
6125258,NA,
3469709,NA,
3438655,NA,
6137585,NA,
3440558,NA,
3438640,NA,
3458195,NA,
6125166,NA,
3449487,NA,
3449422,NA,
3449346,NA,
3449426,NA,
3445436,NA,
3458143,NA,
6125340,NA,
4723437,NA,
3469713,NA,
3473973,NA,
6125299,NA,
3491809,NA,
3449432,NA,
3458141,NA,
6125381,NA,
3449482,NA,
5923318,NA,
3449244,NA,
3671869,NA,
3468488,NA,
3472517,NA,
6125248,NA,
3449417,NA,
3468460,NA,
3445456,NA,
3440571,NA,
3458305,NA,
3472467,NA,
3458282,NA,
3449226,NA,
3449343,NA,
6125101,NA,
5003507,NA,
5962258,NA,
3472504,NA,
3472236,NA,
4928731,NA,
3449370,NA,
5962536,NA,
6125353,NA,
3449377,NA,
3449288,NA,
3438639,NA,
5066137,NA,
5962237,NA,
5066160,NA,
3449437,NA,
6137527,NA,
3472518,NA,
6125239,NA,
6137515,NA,
3449463,NA,
6125065,NA,
3445403,NA,
6137518,NA,
3440480,NA,
3445285,NA,
3449512,NA,
3440541,NA,
5065914,NA,
6125365,NA,
3449409,NA,
3449248,NA,
6125207,NA,
3472538,NA,
6125380,NA,
6125263,NA,
3491828,NA,
3445451,NA,
3449544,NA,
6125198,NA,
3445355,NA,
6137536,NA,
3671648,NA,
3449289,NA,
6125044,NA,
3461378,NA,
3449340,NA,
6137566,NA,
3491827,NA,
3449218,NA,
3449300,NA,
6125264,NA,
4723460,NA,
6125251,NA,
3449230,NA,
3472168,NA,
3469717,NA,
6137546,NA,
3472169,NA,
6125195,NA,
7029964,NA,
3449375,NA,
3449348,NA,
4928789,NA,
3445417,NA,
3491789,NA,
6125149,NA,
3445420,NA,
6137471,NA,
3449336,NA,
3449516,NA,
3472817,NA,
6137589,NA,
3449430,NA,
3449262,NA,
6137564,NA,
3440582,NA,
3449541,NA,
6137541,NA,
3449252,NA,
3449304,NA,
3472529,NA,
3472825,NA,
6125328,NA,
3449407,NA,
6137500,NA,
3440511,NA,
6125182,NA,
3449386,NA,
3449271,NA,
4723458,NA,
6125186,NA,
3449494,NA,
6125146,NA,
5066138,NA,
4928501,NA,
6125282,NA,
3449278,NA,
6137547,NA,
6125354,NA,
6125210,NA,
3472827,NA,
3449513,NA,
3445459,NA,
6137550,NA,
3473970,NA,
3449329,NA,
3449445,NA,
3449394,NA,
3472242,NA,
3445419,NA,
6125333,NA,
3461385,NA,
3449341,NA,
3449506,NA,
6125078,NA,
3458083,NA,
3460081,NA,
3449357,NA,
6125058,NA,
3438641,NA,
5066139,NA,
3460051,NA,
5065929,NA,
5962564,NA,
3472235,NA,
3473969,NA,
3458106,NA,
6125311,NA,
6125271,NA,
3472503,NA,
5066141,NA,
4409048,NA,
3449345,NA,
3491824,NA,
3440471,NA,
6125373,NA,
3473979,NA,
6137551,NA,
4723442,NA,
4723055,NA,
6137489,NA,
3445395,NA,
3671789,NA,
4723450,NA,
6125371,NA,
6125394,NA,
6125334,NA,
3449415,NA,
4928765,NA,
6125253,NA,
7029836,NA,
4928822,NA,
3449505,NA,
3440472,NA,
3449509,NA,
4786025,NA,
3449384,NA,
3449530,NA,
5923325,NA,
3449540,NA,
3438607,NA,
3473976,NA,
3445433,NA,
3458144,NA,
6125202,NA,
5066157,NA,
3438623,NA,
6125042,NA,
6137579,NA,
3449385,NA,
3449531,NA,
6125247,NA,
3449285,NA,
6137538,NA,
5945727,NA,
3438624,NA,
5962581,NA,
3671801,NA,
6125295,NA,
3445426,NA,
6125395,NA,
6125384,NA,
3473972,NA,
3438665,NA,
3472521,NA,
6125218,NA,
3472519,NA,
3438633,NA,
5003510,NA,
6125319,NA,
3449448,NA,
6137479,NA,
3458162,NA,
6125364,NA,
3491835,NA,
3438652,NA,
3671615,NA,
6125362,NA,
5003515,NA,
6125096,NA,
3449526,NA,
3458319,NA,
5066152,NA,
3460059,NA,
3449232,NA,
3458294,NA,
3449441,NA,
3458348,NA,
6137528,NA,
6125159,NA,
3449221,NA,
3671741,NA,
3472462,NA,
4928750,NA,
6125372,NA,
3458323,NA,
3449249,NA,
3449535,NA,
3449220,NA,
3449511,NA,
6125369,NA,
6125382,NA,
6125158,NA,
3449287,NA,
6125278,NA,
3449256,NA,
3445422,NA,
3449333,NA,
3438596,NA,
3449272,NA,
3445450,NA,
3473974,NA,
3449305,NA,
5067325,NA,
6125370,NA,
3449344,NA,
3458102,NA,
3449353,NA,
6125313,NA,
3449414,NA,
3449237,NA,
5157486,NA,
3449325,NA,
3438659,NA,
6125301,NA,
6137582,NA,
3472539,NA,
3440562,NA,
6125388,NA,
6125187,NA,
3440579,NA,
3458131,NA,
3472531,NA,
6125086,NA,
6125325,NA,
3440478,NA,
3449486,NA,
3449276,NA,
3440560,NA,
3440514,NA,
6125302,NA,
3445473,NA,
3458179,NA,
6125393,NA,
3473981,NA,
6125296,NA,
3449490,NA,
3449411,NA,
3449524,NA,
3473968,NA,
6125376,NA,
3449303,NA,
6125157,NA,
3449440,NA,
6125375,NA,
3473983,NA,
