PCID,TCGID,
5808836,NA,
5326139,NA,
3460162,NA,
3460749,NA,
5921307,NA,
3460482,NA,
4708139,NA,
3462495,NA,
4708169,NA,
3461854,NA,
3471614,NA,
3445376,NA,
5571524,NA,
5604539,NA,
3461855,NA,
3445366,NA,
3439285,NA,
3445072,NA,
3471509,NA,
3445367,NA,
3460516,NA,
3445362,NA,
3507656,NA,
5834954,NA,
3470097,NA,
5834993,NA,
5604501,NA,
5326050,NA,
3462465,NA,
3470116,NA,
3462446,NA,
3460140,NA,
5408046,NA,
4708162,NA,
3445375,NA,
3460776,NA,
5605290,NA,
5158657,NA,
3471676,NA,
3472289,NA,
3460089,NA,
5604463,NA,
5327335,NA,
3460492,NA,
3460111,NA,
7446078,NA,
3439204,NA,
6778611,NA,
4928004,NA,
4556349,NA,
3470123,NA,
3462440,NA,
5158693,NA,
3507657,NA,
6778760,NA,
3462484,NA,
3460484,NA,
3462580,NA,
7057874,NA,
4990308,NA,
3445069,NA,
3439276,NA,
3472299,NA,
6778734,NA,
6779871,NA,
3472338,NA,
7309979,NA,
3462437,NA,
5604513,NA,
5604599,NA,
3461874,NA,
5205616,NA,
5834960,NA,
3460158,NA,
3471726,NA,
5859059,NA,
3472300,NA,
5226094,NA,
3471725,NA,
3461819,NA,
6219809,NA,
3470134,NA,
6905397,NA,
6682675,NA,
3462517,NA,
3471615,NA,
5172696,NA,
5859053,NA,
3471650,NA,
6715185,NA,
7629526,NA,
3471706,NA,
5605312,NA,
5399821,NA,
3461839,NA,
6621972,NA,
5604472,NA,
3470061,NA,
5326075,NA,
4927997,NA,
3462477,NA,
3461810,NA,
3445371,NA,
3462492,NA,
3460152,NA,
5158685,NA,
3460772,NA,
7309978,NA,
7309986,NA,
3457959,NA,
3460480,NA,
5604557,NA,
3460468,NA,
3462468,NA,
5960639,NA,
3439246,NA,
4928059,NA,
3460486,NA,
3462458,NA,
3460475,NA,
5326161,NA,
3462499,NA,
5834940,NA,
5834921,NA,
3470121,NA,
5604561,NA,
3461845,NA,
5326165,NA,
6234654,NA,
5238776,NA,
6778679,NA,
7310847,NA,
5834936,NA,
3473715,NA,
3470060,NA,
5399740,NA,
3470092,NA,
5604530,NA,
3473714,NA,
3470074,NA,
4708138,NA,
3457980,NA,
3471618,NA,
3471641,NA,
5326204,NA,
7638585,NA,
5326061,NA,
3471723,NA,
3460495,NA,
3471645,NA,
4990311,NA,
4928006,NA,
5604546,NA,
3461830,NA,
3460521,NA,
5408003,NA,
3458054,NA,
3461849,NA,
3472258,NA,
5158690,NA,
7108587,NA,
5399731,NA,
3457964,NA,
4914081,NA,
4765633,NA,
6778758,NA,
3471484,NA,
6417359,NA,
4708142,NA,
5134539,NA,
4928050,NA,
5158651,NA,
5075431,NA,
3460088,NA,
3460112,NA,
3460145,NA,
5326124,NA,
5834932,NA,
6778750,NA,
3439256,NA,
3458009,NA,
7309988,NA,
6778680,NA,
4206045,NA,
6636927,NA,
6219874,NA,
5399789,NA,
3438911,NA,
3458036,NA,
4928048,NA,
4928111,NA,
6398375,NA,
3462461,NA,
3470133,NA,
5834957,NA,
3439245,NA,
3470091,NA,
5834947,NA,
5399877,NA,
5399815,NA,
5158652,NA,
5326065,NA,
4927993,NA,
3458029,NA,
3462575,NA,
3460085,NA,
3460787,NA,
5442452,NA,
5399758,NA,
3445363,NA,
5158659,NA,
3473718,NA,
5604467,NA,
3460520,NA,
3460522,NA,
7306188,NA,
5326109,NA,
3460119,NA,
5399932,NA,
3460136,NA,
4708150,NA,
5399824,NA,
5399757,NA,
3472316,NA,
5326063,NA,
6778688,NA,
7446309,NA,
3458001,NA,
3462444,NA,
3460096,NA,
5325984,NA,
5326047,NA,
3439274,NA,
3470137,NA,
5399811,NA,
3439265,NA,
3471464,NA,
5399883,NA,
7309987,NA,
3472275,NA,
3438895,NA,
3507645,NA,
3439217,NA,
3460479,NA,
3473738,NA,
3470072,NA,
3471694,NA,
3461890,NA,
3471612,NA,
3458182,NA,
5944310,NA,
5154318,NA,
3462443,NA,
3471717,NA,
3460500,NA,
3462549,NA,
5399795,NA,
5604496,NA,
5408347,NA,
4928014,NA,
7310652,NA,
3462546,NA,
3460128,NA,
5326205,NA,
3460099,NA,
5639425,NA,
4955990,NA,
3462515,NA,
3439282,NA,
3471479,NA,
6778669,NA,
3473732,NA,
5399797,NA,
3458079,NA,
3471498,NA,
6778685,NA,
3453520,NA,
3461835,NA,
6495861,NA,
3453521,NA,
7047402,NA,
3461857,NA,
3438893,NA,
5604543,NA,
5604461,NA,
5399733,NA,
3460160,NA,
4928012,NA,
3445074,NA,
6778676,NA,
6778711,NA,
4708145,NA,
5859052,NA,
6984923,NA,
4928102,NA,
5699215,NA,
6778733,NA,
3471701,NA,
5780496,NA,
7057948,NA,
3461878,NA,
4708146,NA,
5693150,NA,
3462456,NA,
3458031,NA,
3460469,NA,
3460091,NA,
3472269,NA,
4708143,NA,
4928046,NA,
3438913,NA,
6781828,NA,
3461895,NA,
5399759,NA,
5859060,NA,
3461880,NA,
3460488,NA,
3461909,NA,
3460466,NA,
3471681,NA,
6610740,NA,
3471507,NA,
3458033,NA,
5604547,NA,
4927999,NA,
3472271,NA,
5326096,NA,
4708212,NA,
3462454,NA,
3438935,NA,
3472314,NA,
5604483,NA,
3471696,NA,
3460506,NA,
4928104,NA,
3461891,NA,
3438896,NA,
5399951,NA,
5167946,NA,
7151126,NA,
3458039,NA,
5326076,NA,
4708187,NA,
3462483,NA,
4928039,NA,
5325522,NA,
7211656,NA,
3458055,NA,
3453523,NA,
5075526,NA,
3461868,NA,
3460126,NA,
5399709,NA,
3462493,NA,
5326077,NA,
3471655,NA,
3471478,NA,
5604560,NA,
5324773,NA,
5604514,NA,
3461811,NA,
5326129,NA,
7532257,NA,
3471455,NA,
6778663,NA,
3471633,NA,
3460762,NA,
3471619,NA,
5399971,NA,
6778765,NA,
3439226,NA,
3471652,NA,
4928090,NA,
3453502,NA,
4928010,NA,
3458072,NA,
5408010,NA,
5326198,NA,
3461898,NA,
4677180,NA,
6639866,NA,
3439270,NA,
4914076,NA,
6669255,NA,
5399737,NA,
5963792,NA,
5326095,NA,
3458060,NA,
3461823,NA,
3438901,NA,
5327331,NA,
6739972,NA,
5326071,NA,
3507665,NA,
4708121,NA,
3445075,NA,
5604554,NA,
3438914,NA,
6778725,NA,
3461911,NA,
6778737,NA,
5399820,NA,
3461844,NA,
3461885,NA,
3462479,NA,
5326145,NA,
3471631,NA,
3461886,NA,
5067466,NA,
3457986,NA,
5604562,NA,
3458037,NA,
5399804,NA,
4404511,NA,
3473731,NA,
7309990,NA,
4708176,NA,
3471693,NA,
5698372,NA,
3461856,NA,
3461807,NA,
7309982,NA,
5399695,NA,
3460142,NA,
3471481,NA,
3438944,NA,
3462482,NA,
3458057,NA,
3461876,NA,
4708171,NA,
3460455,NA,
5326131,NA,
5604549,NA,
4708174,NA,
7640801,NA,
7629172,NA,
5167933,NA,
5385917,NA,
6682495,NA,
5921847,NA,
3470089,NA,
5431514,NA,
5604536,NA,
3471720,NA,
4708185,NA,
4708154,NA,
5399742,NA,
5399850,NA,
5158656,NA,
5399891,NA,
4708189,NA,
5326084,NA,
3471683,NA,
6778613,NA,
6778606,NA,
4928094,NA,
3460478,NA,
6778615,NA,
3453528,NA,
6234656,NA,
3460101,NA,
3460510,NA,
3460515,NA,
4928037,NA,
3471465,NA,
3460778,NA,
3460487,NA,
3438934,NA,
3461821,NA,
3462576,NA,
3471524,NA,
5834952,NA,
3470073,NA,
5605298,NA,
7629525,NA,
5604511,NA,
4708182,NA,
3460755,NA,
5399964,NA,
4928047,NA,
3462490,NA,
5963226,NA,
4708160,NA,
3470059,NA,
3461889,NA,
5158669,NA,
5399700,NA,
5326190,NA,
3457975,NA,
7564593,NA,
3438904,NA,
6219858,NA,
3472259,NA,
6778741,NA,
4928087,NA,
4928103,NA,
5399704,NA,
3460481,NA,
5326044,NA,
5399849,NA,
3460157,NA,
6778719,NA,
3460508,NA,
5399761,NA,
3461836,NA,
3458030,NA,
5605309,NA,
3460108,NA,
4928052,NA,
7348145,NA,
5399802,NA,
6778698,NA,
3461860,NA,
3471517,NA,
4928074,NA,
3471474,NA,
4928075,NA,
4708153,NA,
5889066,NA,
3453529,NA,
5604534,NA,
5399779,NA,
3457982,NA,
3460127,NA,
3460156,NA,
6778612,NA,
3458002,NA,
3471624,NA,
5408331,NA,
3470100,NA,
4928720,NA,
3507662,NA,
3438900,NA,
3461888,NA,
3471505,NA,
6778696,NA,
4708170,NA,
3461881,NA,
5326093,NA,
3473726,NA,
7211654,NA,
4708148,NA,
3457971,NA,
3458008,NA,
6959102,NA,
3439253,NA,
5604482,NA,
6869832,NA,
3471642,NA,
5604462,NA,
5158676,NA,
5108207,NA,
5158688,NA,
3460123,NA,
4927998,NA,
5399744,NA,
3458023,NA,
3458024,NA,
5326134,NA,
3470109,NA,
5326197,NA,
5326073,NA,
5408044,NA,
4708135,NA,
5604506,NA,
5399800,NA,
4708134,NA,
3462577,NA,
3461870,NA,
3439232,NA,
3460750,NA,
3461861,NA,
3438937,NA,
7309985,NA,
3445358,NA,
3472283,NA,
5834982,NA,
5158697,NA,
5326168,NA,
3445071,NA,
5067423,NA,
3457978,NA,
4765637,NA,
3472345,NA,
3471475,NA,
5604535,NA,
5158663,NA,
6778748,NA,
3457977,NA,
6778672,NA,
7445365,NA,
4928716,NA,
5326107,NA,
3462463,NA,
5834919,NA,
4928053,NA,
4928021,NA,
3470114,NA,
5326112,NA,
3457969,NA,
4708163,NA,
7077343,NA,
3470081,NA,
6778722,NA,
3460129,NA,
4708200,NA,
5399722,NA,
4708210,NA,
6778723,NA,
5326087,NA,
6778609,NA,
5399788,NA,
5326155,NA,
6216773,NA,
3457979,NA,
3461816,NA,
3470083,NA,
3458066,NA,
7309981,NA,
7564596,NA,
3457972,NA,
5528637,NA,
3439250,NA,
3471451,NA,
3460494,NA,
7310842,NA,
3462472,NA,
3473727,NA,
5604477,NA,
5604485,NA,
3462466,NA,
3462560,NA,
3457966,NA,
4928099,NA,
6778691,NA,
3472287,NA,
3460502,NA,
3473716,NA,
4928098,NA,
3462511,NA,
7641285,NA,
5325617,NA,
7226327,NA,
3453501,NA,
3472344,NA,
3472330,NA,
4928038,NA,
3462481,NA,
6778677,NA,
3460463,NA,
3438925,NA,
3470085,NA,
3471462,NA,
5604559,NA,
6778739,NA,
6778687,NA,
6778724,NA,
3458052,NA,
5326160,NA,
3471471,NA,
5604499,NA,
3457973,NA,
3457993,NA,
3470136,NA,
6959098,NA,
5769151,NA,
5834941,NA,
3812783,NA,
5605311,NA,
5326113,NA,
5604459,NA,
3460110,NA,
4928032,NA,
5326072,NA,
4928084,NA,
3438924,NA,
3453494,NA,
3462435,NA,
3439208,NA,
6778681,NA,
3461831,NA,
4708127,NA,
3471497,NA,
3471492,NA,
3460763,NA,
6778745,NA,
6778701,NA,
3472308,NA,
3461882,NA,
5326203,NA,
4928058,NA,
6778746,NA,
4928023,NA,
3460472,NA,
5834939,NA,
3472297,NA,
3460465,NA,
6740371,NA,
5399897,NA,
5326163,NA,
5604504,NA,
3438930,NA,
3438938,NA,
4708161,NA,
3471647,NA,
4305613,NA,
3460498,NA,
3462473,NA,
5399873,NA,
3439260,NA,
5326184,NA,
3460504,NA,
5408333,NA,
5399702,NA,
3470098,NA,
3462570,NA,
3472337,NA,
6778744,NA,
6778673,NA,
3470068,NA,
3458035,NA,
5769144,NA,
3471490,NA,
3461827,NA,
4708141,NA,
6778675,NA,
3457967,NA,
6778762,NA,
5326156,NA,
5326078,NA,
4928022,NA,
5134538,NA,
3471636,NA,
6985692,NA,
7564597,NA,
3470108,NA,
3460161,NA,
3462476,NA,
3460094,NA,
3460473,NA,
3462436,NA,
3472294,NA,
4928065,NA,
3458025,NA,
6778720,NA,
3472262,NA,
7568118,NA,
3471690,NA,
7226472,NA,
3458094,NA,
3438943,NA,
3458063,NA,
3472278,NA,
3461863,NA,
3462457,NA,
3470105,NA,
6416485,NA,
6778668,NA,
3471460,NA,
3453517,NA,
3453498,NA,
3453522,NA,
4708213,NA,
5604497,NA,
3439259,NA,
3457976,NA,
4928040,NA,
5399728,NA,
3472266,NA,
3461866,NA,
3460155,NA,
4928051,NA,
3462543,NA,
3439249,NA,
3439221,NA,
6778738,NA,
3462535,NA,
5399763,NA,
4927992,NA,
5399730,NA,
5604545,NA,
5326130,NA,
6778678,NA,
3458062,NA,
3471483,NA,
3460497,NA,
4708186,NA,
4708190,NA,
4928068,NA,
3472279,NA,
3460798,NA,
4928041,NA,
5604486,NA,
6778718,NA,
3460122,NA,
6778666,NA,
3458012,NA,
3460143,NA,
5769150,NA,
5769154,NA,
6682663,NA,
2740819,NA,
4408988,NA,
3471514,NA,
3438903,NA,
7049309,NA,
5399782,NA,
5604470,NA,
3458034,NA,
4708159,NA,
6778755,NA,
3453537,NA,
3461834,NA,
4928034,NA,
3458058,NA,
3445378,NA,
5834916,NA,
5687137,NA,
4708157,NA,
5605286,NA,
3460454,NA,
4928088,NA,
6778761,NA,
3473733,NA,
4708152,NA,
5604500,NA,
5604519,NA,
3460471,NA,
5687138,NA,
3460459,NA,
3472321,NA,
4955991,NA,
6777340,NA,
3470058,NA,
4765629,NA,
5326091,NA,
3470062,NA,
3462572,NA,
5604521,NA,
3471716,NA,
6639865,NA,
5639485,NA,
5807301,NA,
3470122,NA,
2740817,NA,
7310846,NA,
4286145,NA,
6985041,NA,
3439248,NA,
7313092,NA,
4765628,NA,
7385715,NA,
5921447,NA,
6137147,NA,
4175556,NA,
5325671,NA,
4175874,NA,
3470128,NA,
7348771,NA,
6837990,NA,
3472315,NA,
3472339,NA,
3472310,NA,
2740820,NA,
3445073,NA,
7108600,NA,
5834958,NA,
5834985,NA,
5834926,NA,
3471687,NA,
5834951,NA,
5834972,NA,
5834928,NA,
5834902,NA,
6574141,NA,
5834938,NA,
3462530,NA,
3462518,NA,
6968529,NA,
3462514,NA,
3462557,NA,
7063833,NA,
3445380,NA,
3445369,NA,
3445379,NA,
5404695,NA,
3460792,NA,
6769178,NA,
7289249,NA,
3460771,NA,
4135169,NA,
4205964,NA,
5953279,NA,
5882285,NA,
5836860,NA,
7306494,NA,
5442959,NA,
6635114,NA,
6884374,NA,
7306497,NA,
5047588,NA,
4017906,NA,
5442535,NA,
5923845,NA,
5047548,NA,
7446304,NA,
4956420,NA,
6875057,NA,
5780576,NA,
6779269,NA,
5327326,NA,
5550944,NA,
5404738,NA,
4914075,NA,
3453526,NA,
7063601,NA,
5326158,NA,
4928079,NA,
3458074,NA,
3462540,NA,
3438945,NA,
4708204,NA,
3470087,NA,
3473739,NA,
5158658,NA,
5326138,NA,
3461812,NA,
4914079,NA,
5399855,NA,
3457998,NA,
6778766,NA,
4928064,NA,
4928081,NA,
3458020,NA,
6778658,NA,
3458068,NA,
3438923,NA,
4708136,NA,
6778699,NA,
4708131,NA,
6778740,NA,
3471721,NA,
3460139,NA,
5604484,NA,
3462544,NA,
5326191,NA,
3462459,NA,
5399803,NA,
5698375,NA,
5399866,NA,
5158670,NA,
5326067,NA,
3460159,NA,
3471482,NA,
4928017,NA,
4928020,NA,
3460517,NA,
4708168,NA,
4928089,NA,
5882288,NA,
4928002,NA,
6778715,NA,
3472319,NA,
3460519,NA,
7446306,NA,
3438946,NA,
3462489,NA,
3473734,NA,
5834907,NA,
5834920,NA,
3461893,NA,
3458071,NA,
6778736,NA,
3457997,NA,
5604487,NA,
5604466,NA,
3472313,NA,
3438916,NA,
6627632,NA,
5769142,NA,
3462453,NA,
3460483,NA,
3471714,NA,
3470094,NA,
3470065,NA,
6778656,NA,
5769157,NA,
5326101,NA,
5408336,NA,
3460476,NA,
5326080,NA,
5326121,NA,
4708126,NA,
4928107,NA,
6778749,NA,
5326183,NA,
4928719,NA,
3458032,NA,
5326117,NA,
3439209,NA,
7420525,NA,
3471516,NA,
5408011,NA,
3461842,NA,
3439207,NA,
5399792,NA,
4928030,NA,
3507643,NA,
5326142,NA,
3461900,NA,
3460118,NA,
3470064,NA,
5834914,NA,
3461820,NA,
7049055,NA,
6778682,NA,
3458053,NA,
5604481,NA,
5698373,NA,
5399772,NA,
3458104,NA,
4928085,NA,
3471651,NA,
4708137,NA,
3460748,NA,
3460116,NA,
5047139,NA,
5780495,NA,
3457974,NA,
5834905,NA,
5836795,NA,
5834922,NA,
5408006,NA,
7324133,NA,
3471644,NA,
3462521,NA,
3439269,NA,
5399896,NA,
5399791,NA,
5399771,NA,
5399707,NA,
3472334,NA,
5399696,NA,
5326123,NA,
5326054,NA,
3458076,NA,
5399729,NA,
5604473,NA,
3462584,NA,
4928024,NA,
4928057,NA,
5399839,NA,
3457994,NA,
5399812,NA,
3461828,NA,
6778664,NA,
5326090,NA,
3471504,NA,
3471485,NA,
6778752,NA,
5604538,NA,
5428803,NA,
6778692,NA,
4928043,NA,
4765630,NA,
3461879,NA,
4708129,NA,
6778709,NA,
6778657,NA,
6778706,NA,
4765636,NA,
3462447,NA,
3461877,NA,
4928092,NA,
5604476,NA,
3460753,NA,
3471673,NA,
3460777,NA,
5834961,NA,
4956419,NA,
5834929,NA,
3461875,NA,
5326070,NA,
3460104,NA,
6778659,NA,
5326164,NA,
4928080,NA,
3453476,NA,
5629773,NA,
3471625,NA,
5158677,NA,
5399768,NA,
5399830,NA,
3462448,NA,
3507660,NA,
3461897,NA,
6778757,NA,
3471649,NA,
5326055,NA,
3460467,NA,
3458000,NA,
5604552,NA,
5326173,NA,
6778743,NA,
4708188,NA,
4928083,NA,
5326194,NA,
3470104,NA,
5807282,NA,
4708158,NA,
3473728,NA,
3457989,NA,
5326052,NA,
3471473,NA,
5158653,NA,
6591019,NA,
4894703,NA,
4765626,NA,
6740411,NA,
6386481,NA,
4928009,NA,
3461853,NA,
3460464,NA,
3462471,NA,
5156375,NA,
5399785,NA,
3457968,NA,
5834953,NA,
4928016,NA,
5399919,NA,
3471666,NA,
5158675,NA,
4708118,NA,
3438929,NA,
3438897,NA,
6179667,NA,
5326118,NA,
6643653,NA,
3453531,NA,
7462973,NA,
3470099,NA,
4708175,NA,
5326049,NA,
3460474,NA,
3471646,NA,
5326110,NA,
5399882,NA,
6778717,NA,
5326132,NA,
5326159,NA,
3462439,NA,
7561616,NA,
7309989,NA,
3471452,NA,
5326092,NA,
6778756,NA,
6778697,NA,
3457970,NA,
6021695,NA,
5769153,NA,
3507651,NA,
5834918,NA,
3471654,NA,
3507664,NA,
5604531,NA,
3462556,NA,
3472303,NA,
5834967,NA,
3460144,NA,
7639132,NA,
4211960,NA,
5399954,NA,
4708219,NA,
5399697,NA,
5399790,NA,
3461862,NA,
6733627,NA,
3462470,NA,
3453532,NA,
6778705,NA,
5158649,NA,
5408327,NA,
5923844,NA,
3471698,NA,
5408002,NA,
6778689,NA,
4928061,NA,
3461814,NA,
3460782,NA,
3461864,NA,
3507640,NA,
3445067,NA,
3460780,NA,
3462462,NA,
3471500,NA,
5605289,NA,
5326116,NA,
4928112,NA,
5604489,NA,
3445373,NA,
5691832,NA,
5399743,NA,
3472264,NA,
4928025,NA,
3471664,NA,
6179718,NA,
3439283,NA,
3462578,NA,
7348674,NA,
7401757,NA,
3471691,NA,
3470111,NA,
3461847,NA,
3507663,NA,
3462450,NA,
3439228,NA,
5399747,NA,
3471525,NA,
5399794,NA,
5326176,NA,
3453482,NA,
4928096,NA,
3471677,NA,
5158643,NA,
3458077,NA,
7405273,NA,
3460773,NA,
3462449,NA,
3471488,NA,
4708149,NA,
3471511,NA,
5404421,NA,
3445388,NA,
4928049,NA,
5408349,NA,
6778721,NA,
3458067,NA,
3460751,NA,
3460460,NA,
4928095,NA,
5631758,NA,
3460796,NA,
3460794,NA,
3445368,NA,
6778753,NA,
7211766,NA,
3462583,NA,
4928076,NA,
3471684,NA,
3462442,NA,
3461852,NA,
3471643,NA,
3472318,NA,
5834915,NA,
3445365,NA,
3457961,NA,
4708123,NA,
3472255,NA,
4765618,NA,
3471709,NA,
3453540,NA,
3453519,NA,
3471493,NA,
3471519,NA,
5404419,NA,
6778686,NA,
5604555,NA,
6241335,NA,
3439225,NA,
4642823,NA,
3461829,NA,
3460485,NA,
5326237,NA,
6125580,NA,
3460135,NA,
3471467,NA,
3458019,NA,
3439218,NA,
4928105,NA,
6778662,NA,
3438936,NA,
5272497,NA,
4928078,NA,
3438931,NA,
3462485,NA,
6628286,NA,
5604516,NA,
3471616,NA,
6592240,NA,
7719433,NA,
5408007,NA,
4928100,NA,
6149076,NA,
3462566,NA,
6209402,NA,
6778702,NA,
3472311,NA,
6869787,NA,
5921872,NA,
3471692,NA,
3460518,NA,
3472293,NA,
3471697,NA,
7445494,NA,
3460509,NA,
5834933,NA,
5326192,NA,
5399911,NA,
4708140,NA,
5013673,NA,
3472280,NA,
5399887,NA,
5837158,NA,
5326213,NA,
3471719,NA,
5326115,NA,
3461899,NA,
5326133,NA,
4708155,NA,
5604471,NA,
6778690,NA,
3460124,NA,
3460456,NA,
3471499,NA,
5326137,NA,
3439240,NA,
4927996,NA,
5408001,NA,
4708193,NA,
3460490,NA,
4928018,NA,
3472288,NA,
4928063,NA,
7419877,NA,
5408008,NA,
3458041,NA,
3457984,NA,
7374451,NA,
3460503,NA,
2740818,NA,
7446307,NA,
5604494,NA,
4927994,NA,
3462545,NA,
3462469,NA,
6592230,NA,
3472341,NA,
5158664,NA,
3462527,NA,
4928056,NA,
3470075,NA,
3462522,NA,
7224794,NA,
5769149,NA,
3470078,NA,
4135175,NA,
3773637,NA,
3453487,NA,
5944378,NA,
5400755,NA,
3460766,NA,
5399959,NA,
5836798,NA,
3461846,NA,
3457996,NA,
3473720,NA,
5326219,NA,
3471512,NA,
3471713,NA,
3438942,NA,
4928108,NA,
3471459,NA,
5326150,NA,
7309977,NA,
3462497,NA,
3472306,NA,
3458042,NA,
5326174,NA,
3460462,NA,
5326068,NA,
4708125,NA,
5604346,NA,
3462555,NA,
3439237,NA,
6781833,NA,
3471508,NA,
4928036,NA,
4928026,NA,
6639870,NA,
5489935,NA,
3458059,NA,
4928106,NA,
5604540,NA,
6778674,NA,
5921871,NA,
6770003,NA,
4928015,NA,
7309984,NA,
6778729,NA,
7446305,NA,
5859058,NA,
5031807,NA,
3462562,NA,
3457962,NA,
5639978,NA,
3471704,NA,
6663737,NA,
3439229,NA,
5158692,NA,
3470076,NA,
5834917,NA,
3462537,NA,
3460760,NA,
4765631,NA,
3453489,NA,
5400745,NA,
4708196,NA,
5399808,NA,
5399698,NA,
5158647,NA,
5326206,NA,
5399786,NA,
3458153,NA,
4708192,NA,
3438905,NA,
3439215,NA,
5834927,NA,
3462496,NA,
5158642,NA,
4928000,NA,
5880364,NA,
6778695,NA,
5326082,NA,
3458048,NA,
3471679,NA,
3473725,NA,
3470086,NA,
4928060,NA,
3471461,NA,
3460512,NA,
3462488,NA,
4928091,NA,
3460105,NA,
3470135,NA,
5605291,NA,
3472272,NA,
3473723,NA,
7309975,NA,
4708191,NA,
3458038,NA,
4708133,NA,
7309980,NA,
3473740,NA,
3458080,NA,
7446310,NA,
3462475,NA,
5834944,NA,
4133884,NA,
4928072,NA,
3367016,NA,
3472282,NA,
4765624,NA,
3471632,NA,
3470101,NA,
3439275,NA,
3460120,NA,
3453534,NA,
5399856,NA,
5399931,NA,
3458007,NA,
5834910,NA,
4170149,NA,
3462533,NA,
3461808,NA,
6311155,NA,
5834943,NA,
5326196,NA,
4708179,NA,
5834945,NA,
4708117,NA,
5399810,NA,
3458189,NA,
3473730,NA,
3462532,NA,
3461825,NA,
3458050,NA,
6782015,NA,
3460153,NA,
3471656,NA,
3462552,NA,
6669256,NA,
3507639,NA,
3472290,NA,
3457960,NA,
3472301,NA,
5158683,NA,
3458027,NA,
5834959,NA,
6778727,NA,
6682376,NA,
3462480,NA,
3445385,NA,
6778700,NA,
3472323,NA,
5399859,NA,
5399723,NA,
6778763,NA,
5326135,NA,
5115951,NA,
3439236,NA,
3458044,NA,
3457987,NA,
3438927,NA,
4765635,NA,
6778703,NA,
3460781,NA,
3438912,NA,
3458078,NA,
3462467,NA,
3460801,NA,
5711026,NA,
5326094,NA,
5326125,NA,
5399713,NA,
3439257,NA,
3439231,NA,
4928717,NA,
4708132,NA,
6778704,NA,
5408324,NA,
3461901,NA,
3471620,NA,
5326089,NA,
3473722,NA,
5326097,NA,
3460109,NA,
3470102,NA,
3438932,NA,
3471476,NA,
5604542,NA,
6905972,NA,
4928005,NA,
5399847,NA,
5325614,NA,
5399773,NA,
3471637,NA,
3462573,NA,
6778714,NA,
3471658,NA,
3462574,NA,
5769147,NA,
5252227,NA,
3460783,NA,
5604541,NA,
6778693,NA,
3462564,NA,
5408339,NA,
4708177,NA,
5399901,NA,
5399970,NA,
5404420,NA,
4928055,NA,
3462460,NA,
5399762,NA,
5326086,NA,
5326170,NA,
3473721,NA,
3460489,NA,
5604508,NA,
5326102,NA,
5769148,NA,
5604509,NA,
3439261,NA,
4928045,NA,
6778694,NA,
3458013,NA,
5604492,NA,
5399749,NA,
3470080,NA,
4928109,NA,
3470113,NA,
3471669,NA,
6939526,NA,
3471707,NA,
5326120,NA,
6149172,NA,
3460134,NA,
7206894,NA,
5326188,NA,
3460804,NA,
3471699,NA,
5158672,NA,
5604515,NA,
4682737,NA,
3471663,NA,
3461817,NA,
3470126,NA,
3460800,NA,
3460507,NA,
4708181,NA,
5399861,NA,
5400761,NA,
5399836,NA,
5399928,NA,
3471518,NA,
5400757,NA,
3439203,NA,
5326201,NA,
3453516,NA,
5399720,NA,
3462474,NA,
4708165,NA,
5158666,NA,
7309976,NA,
3460458,NA,
3461907,NA,
3439233,NA,
5399715,NA,
5326153,NA,
6574138,NA,
3473717,NA,
3460496,NA,
4928062,NA,
7629547,NA,
3461813,NA,
5325130,NA,
3460087,NA,
6219752,NA,
4126864,NA,
4708194,NA,
4928028,NA,
3460785,NA,
3462542,NA,
5403743,NA,
5835175,NA,
6149055,NA,
3462525,NA,
3460775,NA,
3471627,NA,
3471685,NA,
3460095,NA,
3471667,NA,
4914080,NA,
4708216,NA,
3461858,NA,
5158681,NA,
6234700,NA,
3461896,NA,
3471466,NA,
4124968,NA,
3457990,NA,
3461859,NA,
5780498,NA,
5604469,NA,
3439264,NA,
4928029,NA,
5604512,NA,
3438909,NA,
5399914,NA,
3472265,NA,
3461841,NA,
4708184,NA,
3457992,NA,
6778754,NA,
3471477,NA,
5399962,NA,
5399910,NA,
5326200,NA,
5400901,NA,
5834956,NA,
5977920,NA,
3507652,NA,
7224831,NA,
3462531,NA,
3439284,NA,
3470103,NA,
4928110,NA,
3445372,NA,
4708122,NA,
3445389,NA,
5399895,NA,
3458064,NA,
5399935,NA,
5326181,NA,
5834949,NA,
3461904,NA,
5399725,NA,
5399899,NA,
5326127,NA,
6769445,NA,
6778713,NA,
5408346,NA,
3470107,NA,
5399965,NA,
3461848,NA,
3438920,NA,
3471503,NA,
3439286,NA,
5604558,NA,
5326148,NA,
3471513,NA,
3470071,NA,
6778608,NA,
5326186,NA,
3471494,NA,
3472324,NA,
3471501,NA,
4708167,NA,
5399716,NA,
6778751,NA,
4270875,489070,
6778710,NA,
6778661,NA,
7597949,NA,
3462500,NA,
5834948,NA,
3445383,NA,
3458003,NA,
3471715,NA,
6948398,NA,
3445386,NA,
3471668,NA,
5325603,NA,
3472291,NA,
5834934,NA,
3460115,NA,
3462558,NA,
7063761,NA,
3471659,NA,
4928067,NA,
5399916,NA,
5403723,502526,
5399927,NA,
5399784,NA,
4708220,NA,
5604572,NA,
3457988,NA,
3471463,NA,
3460106,NA,
3471711,NA,
5158696,NA,
3462487,NA,
6778716,NA,
5399711,NA,
3453507,NA,
3462579,NA,
5326128,NA,
5604503,NA,
3470070,NA,
3462441,NA,
5882289,NA,
7597953,NA,
4928066,NA,
6778605,NA,
5326059,NA,
4928019,NA,
3458043,NA,
6778604,NA,
3460117,NA,
3458075,NA,
6635824,NA,
5408329,NA,
3458014,NA,
7348511,NA,
5835177,NA,
3460805,NA,
5918124,NA,
3462547,NA,
3462571,NA,
3462565,NA,
6591006,NA,
5604517,NA,
3458073,NA,
3471702,NA,
3461883,NA,
3460470,NA,
3472322,NA,
3460765,NA,
5158650,NA,
3472296,NA,
4765625,NA,
3439238,NA,
3458049,NA,
3462520,NA,
3460793,NA,
6778726,NA,
5399769,NA,
3461840,NA,
5399745,NA,
3460491,NA,
3439242,NA,
5399746,NA,
5399774,NA,
3457991,NA,
4563535,NA,
4708222,NA,
3458017,NA,
5326079,NA,
5834955,NA,
3457963,NA,
4928722,NA,
3473735,NA,
3460113,NA,
3438941,NA,
5326105,NA,
3439258,NA,
4928073,NA,
3460084,NA,
3458005,NA,
3471458,NA,
7306492,NA,
5326056,NA,
6402994,NA,
5408048,NA,
3460803,NA,
3460754,NA,
3462508,NA,
5605303,NA,
4033718,NA,
5834924,NA,
6735364,NA,
5769145,NA,
5834912,NA,
3462585,NA,
3460786,NA,
5226101,NA,
3462563,NA,
5158698,NA,
3472307,NA,
3462559,NA,
3460788,NA,
3439230,NA,
3472285,NA,
5158645,NA,
3470090,NA,
3462501,NA,
5399938,NA,
5605314,NA,
3458010,NA,
6234649,NA,
5399881,NA,
5326053,NA,
5326126,NA,
5399826,NA,
3457995,NA,
3453525,NA,
5326180,NA,
3457965,NA,
3460457,NA,
5399854,NA,
4928093,NA,
4708195,NA,
5399926,NA,
5326103,NA,
5399809,NA,
5604502,NA,
4270957,NA,
3438908,NA,
5326175,NA,
6639867,NA,
4928086,NA,
5605283,NA,
5326182,NA,
3458011,NA,
3461843,NA,
3458065,NA,
4928042,NA,
6740202,NA,
3438910,NA,
5158644,NA,
3471705,NA,
3445381,NA,
3462513,NA,
3472256,NA,
3472312,NA,
3445360,NA,
3471635,NA,
5834946,NA,
3471662,NA,
7374767,NA,
6837981,NA,
6778607,NA,
3460114,NA,
4175614,NA,
5834911,NA,
3462539,NA,
4927995,NA,
3453504,NA,
5326172,NA,
3461815,NA,
5399752,NA,
5326060,NA,
5326178,NA,
5399718,NA,
4928027,NA,
4708178,NA,
5834969,NA,
5399845,NA,
3471495,NA,
5158691,NA,
3458026,NA,
5408319,NA,
4928071,NA,
6778610,NA,
3453538,NA,
5604488,NA,
5399736,NA,
4928013,NA,
3462586,NA,
3462567,NA,
3460799,NA,
3458051,NA,
5807285,NA,
6160339,NA,
6985065,NA,
5604522,NA,
3460797,NA,
6402123,NA,
3462451,NA,
5158667,NA,
3462538,NA,
3460121,NA,
3472317,NA,
3461833,NA,
6021684,NA,
3471634,NA,
5158654,NA,
7224767,NA,
5400760,NA,
5399706,NA,
4708201,NA,
3453505,NA,
7063602,NA,
3460130,NA,
4708172,NA,
3457999,NA,
3473729,NA,
5326140,NA,
3460461,NA,
4135164,NA,
5835178,NA,
4708183,NA,
3458070,NA,
5604573,NA,
3461902,NA,
3462494,NA,
6836892,NA,
5399780,NA,
5834986,NA,
5604598,NA,
5326074,NA,
3471453,NA,
5399734,NA,
3439206,NA,
3471520,NA,
5399770,NA,
3438928,NA,
5399748,NA,
5399903,NA,
3439255,NA,
6778712,NA,
5408004,NA,
4928082,NA,
5604493,NA,
3462502,NA,
5399806,NA,
3461837,NA,
3471469,NA,
3439277,NA,
5399756,NA,
4708124,NA,
3461884,NA,
4928003,NA,
6939527,NA,
3460789,NA,
3439278,NA,
6643211,NA,
5326147,NA,
3458015,NA,
6869831,NA,
3462550,NA,
3471457,NA,
5408338,NA,
3461869,NA,
5605225,NA,
3472284,NA,
4708119,NA,
3445066,NA,
3471674,NA,
3460758,NA,
3460090,NA,
7640304,NA,
5158673,NA,
3458069,NA,
3460759,NA,
4765634,NA,
4708202,NA,
5326177,NA,
5834994,NA,
5399953,NA,
3453512,NA,
5158689,NA,
5923843,NA,
5399781,NA,
3460523,NA,
4928033,NA,
6209104,NA,
5326146,NA,
4928070,NA,
3461873,NA,
5604478,NA,
3439243,NA,
6778614,NA,
3471617,NA,
3473737,NA,
3473724,NA,
5326043,NA,
4781437,NA,
6735363,NA,
3438922,NA,
5326069,NA,
4765620,NA,
5921289,NA,
5630025,NA,
3471491,NA,
3461908,NA,
6149164,NA,
6857951,NA,
5326195,NA,
5604551,NA,
5604490,NA,
3471613,NA,
3460767,NA,
3462568,NA,
3470115,NA,
3462504,NA,
3461851,NA,
3472268,NA,
3461887,NA,
3438933,NA,
5399833,NA,
5399699,NA,
3461832,NA,
3453488,NA,
6778660,NA,
6680790,NA,
5326162,NA,
5158680,NA,
5605306,NA,
5158662,NA,
3471700,NA,
4953949,NA,
3438921,NA,
3471523,NA,
4928044,NA,
5326199,NA,
7309983,NA,
6643210,NA,
3460511,NA,
6778683,NA,
3439220,NA,
4928069,NA,
4956418,NA,
4225316,NA,
5604505,NA,
5158678,NA,
5399701,NA,
5049416,NA,
3473719,NA,
7286071,NA,
6869809,NA,
5604474,NA,
3445359,NA,
3462445,NA,
3460477,NA,
3471628,NA,
3472320,NA,
4708173,NA,
3470110,NA,
3461871,NA,
3462569,NA,
5834906,NA,
3461894,NA,
3453480,NA,
3453508,NA,
4708211,NA,
3461824,NA,
3471710,NA,
6778742,NA,
6778764,NA,
3472328,NA,
3438915,NA,
5834992,NA,
6778684,NA,
4708180,NA,
4928031,NA,
5326083,NA,
3439241,NA,
3458047,NA,
5604566,NA,
5604518,NA,
3438919,NA,
5977922,NA,
5252254,NA,
3460802,NA,
3472298,NA,
3439216,NA,
3472263,NA,
3470084,NA,
5325929,NA,
3460774,NA,
3445377,NA,
3439271,NA,
3471660,NA,
3472336,NA,
3453496,NA,
3453503,NA,
5326081,NA,
5326136,NA,
4925879,NA,
3462498,NA,
3470095,NA,
5834908,NA,
5399712,NA,
5399860,NA,
3461822,NA,
3458021,NA,
5399886,NA,
3458016,NA,
5399858,NA,
5326046,NA,
3439267,NA,
3439268,NA,
3460501,NA,
3460764,NA,
3471470,NA,
5399819,NA,
5882007,NA,
3458006,NA,
7274363,NA,
3471522,NA,
6001216,NA,
3462528,NA,
5399764,NA,
6837998,NA,
6777348,NA,
3471675,NA,
3457985,NA,
3471657,NA,
3507649,NA,
5604533,NA,
5604465,NA,
3462510,NA,
3471638,NA,
5158646,NA,
5326099,NA,
4642818,NA,
3461892,NA,
3453506,NA,
5605313,NA,
3461818,NA,
3471682,NA,
3460163,NA,
5205933,NA,
4708147,NA,
5399939,NA,
5399703,NA,
5605292,NA,
3471489,NA,
3438894,NA,
5326193,NA,
3470106,NA,
5399705,NA,
5604553,NA,
3507653,NA,
5399894,NA,
5326171,NA,
3438926,NA,
3460102,NA,
6495877,NA,
3439263,NA,
3462587,NA,
6881755,NA,
5399721,NA,
5834909,NA,
5399857,NA,
3507641,NA,
3460795,NA,
3472331,NA,
3462519,NA,
3472325,NA,
3439214,NA,
3462526,NA,
5834935,NA,
5399875,NA,
5399933,NA,
5399851,NA,
5326100,NA,
5238775,NA,
5952489,NA,
3461905,NA,
3439280,NA,
3462554,NA,
5604563,NA,
5399823,NA,
5399941,NA,
5604537,NA,
5399840,NA,
5408325,NA,
5326151,NA,
5326218,NA,
5408322,NA,
5604577,NA,
3471454,NA,
3438898,NA,
3470069,NA,
3460499,NA,
6249760,NA,
5399765,NA,
5399717,NA,
3471621,NA,
5836815,NA,
4953920,NA,
5834963,NA,
5158660,NA,
5408326,NA,
3462534,NA,
3470124,NA,
5834977,NA,
3462524,NA,
4175547,NA,
7718601,NA,
5158661,NA,
5604468,NA,
5834942,NA,
5834901,NA,
3471670,NA,
5326214,NA,
5408321,NA,
3460525,NA,
5399741,NA,
5399766,NA,
5399817,NA,
4928718,NA,
5408337,NA,
3439254,NA,
5326179,NA,
3460100,NA,
3438899,NA,
6778671,NA,
3439272,NA,
4708164,NA,
5977921,NA,
3471496,NA,
6468855,NA,
6778735,NA,
3460756,NA,
5605296,NA,
5399905,NA,
3471629,NA,
5834981,NA,
6778728,NA,
6680731,NA,
6859563,NA,
4305611,NA,
5325684,NA,
7374506,NA,
3471622,NA,
3439273,NA,
5399813,NA,
3460097,NA,
4708215,NA,
3460769,NA,
3472257,NA,
3460791,NA,
3471689,NA,
3445374,NA,
3462582,NA,
5399801,NA,
4708197,NA,
5399957,NA,
5399750,NA,
5399880,NA,
4765622,NA,
5399872,NA,
3460093,NA,
6592215,NA,
4175613,NA,
5399837,NA,
3472302,NA,
3457983,NA,
5834904,NA,
5154267,NA,
3453478,NA,
4708206,NA,
5399822,NA,
3471722,NA,
4765632,NA,
3445361,NA,
3439251,NA,
3461838,NA,
3462506,NA,
5399844,NA,
5399924,NA,
5400754,NA,
5399853,NA,
5399735,NA,
5326062,NA,
5399841,NA,
5399834,NA,
3460137,NA,
3439247,NA,
5408343,NA,
5326111,NA,
5604495,NA,
3458040,NA,
6778708,NA,
3471472,NA,
5399724,NA,
4708203,NA,
3461809,NA,
5605295,NA,
3471506,NA,
3439210,NA,
3460133,NA,
5399751,NA,
5834964,NA,
3507638,NA,
5917613,NA,
6604797,NA,
3462503,NA,
4027934,NA,
5604556,NA,
3507644,NA,
5325631,NA,
5399814,NA,
3472326,NA,
4765621,NA,
3439219,NA,
3472270,NA,
3471688,NA,
5158665,NA,
3471680,NA,
6778670,NA,
5408000,NA,
3439224,NA,
4928101,NA,
5399878,NA,
5408348,NA,
5399831,NA,
3458046,NA,
4708223,NA,
3471521,NA,
5326222,NA,
5399798,NA,
3457981,NA,
3473736,NA,
5604588,NA,
3471502,NA,
4708166,NA,
3471487,NA,
5177433,NA,
4708151,NA,
5834931,NA,
5158695,NA,
5399726,NA,
5399827,NA,
4476348,NA,
5238771,NA,
3471718,NA,
7520703,NA,
6770004,NA,
3461910,NA,
3470117,NA,
5158679,NA,
3462548,NA,
3461826,NA,
6778667,NA,
3472281,NA,
3462507,NA,
3462561,NA,
3471661,NA,
4928001,NA,
5326114,NA,
3453536,NA,
5399739,NA,
5408344,NA,
4199649,NA,
5326144,NA,
3458022,NA,
3458045,NA,
5399818,NA,
3460505,NA,
3438902,NA,
5604464,NA,
5326057,NA,
5399828,NA,
4708205,NA,
5399848,NA,
5326167,NA,
5604460,NA,
5326058,NA,
5704354,NA,
6234535,NA,
5964681,NA,
6149058,NA,
6628388,NA,
3471672,NA,
5551578,NA,
5325689,NA,
5769155,NA,
3507646,NA,
5604600,NA,
3472292,NA,
3439234,NA,
3470120,NA,
5325344,NA,
3471626,NA,
5795256,NA,
3472273,NA,
6778731,NA,
6682711,NA,
5400758,NA,
5326211,NA,
5326088,NA,
5408351,NA,
5399754,NA,
3438906,NA,
5399727,NA,
3458056,NA,
5399775,NA,
3462438,NA,
5158655,NA,
4708209,NA,
3453491,NA,
4956911,NA,
5604498,NA,
3471510,NA,
5047630,NA,
4928054,NA,
3471712,NA,
5158648,NA,
3462516,NA,
4408987,NA,
4723158,NA,
5158686,NA,
5158684,NA,
3445364,NA,
3471665,NA,
3460493,NA,
5834980,NA,
7374450,NA,
3461850,NA,
5834983,NA,
5408335,NA,
2812854,NA,
5408330,NA,
3460092,NA,
5399787,NA,
5769146,NA,
3453497,NA,
5158682,NA,
3461865,NA,
7564595,NA,
5605293,NA,
5326104,NA,
3439252,NA,
5399943,NA,
5399893,NA,
5698376,NA,
5399807,NA,
3472309,NA,
3471653,NA,
3507648,NA,
4562311,NA,
5399902,NA,
5156379,NA,
3471678,NA,
5880359,NA,
4765623,NA,
3460513,NA,
3462581,NA,
6495892,NA,
3460086,NA,
3462509,NA,
3470093,NA,
3460790,NA,
3461867,NA,
5326215,NA,
4708221,NA,
3453535,NA,
6234613,NA,
4949761,NA,
2812860,NA,
3458130,NA,
5687136,NA,
5326209,NA,
5326157,NA,
5158687,NA,
4708120,NA,
3445370,NA,
5326228,NA,
5399753,NA,
5604565,NA,
7446308,NA,
3453524,NA,
3470082,NA,
5399967,NA,
6124455,NA,
6242035,NA,
5399710,NA,
3460752,NA,
3460770,NA,
5399694,NA,
3472277,NA,
5030745,NA,
3471708,NA,
4765619,NA,
3462536,NA,
3439205,NA,
3470125,NA,
3471468,NA,
6778747,NA,
3462491,NA,
5605304,NA,
5326106,516268,
4708128,NA,
6778759,NA,
5399908,NA,
4175875,NA,
3458109,NA,
5604575,NA,
5604520,NA,
6416483,NA,
6637008,NA,
7211655,NA,
7211652,NA,
6139540,NA,
5399799,NA,
5442526,NA,
5604590,NA,
6592229,NA,
3471648,NA,
5399783,NA,
6814270,NA,
3445384,NA,
3472261,NA,
3461806,NA,
5834989,NA,
5325678,NA,
5399906,NA,
5399888,NA,
5399835,NA,
4708130,NA,
5399918,NA,
5834925,NA,
5604587,NA,
3471456,NA,
3460164,NA,
5325495,NA,
4206037,NA,
3507650,NA,
4708156,NA,
3507647,NA,
3472332,NA,
3471703,NA,
3470112,NA,
3439262,NA,
3453533,NA,
5399876,NA,
5326220,NA,
5768411,NA,
3438939,NA,
5399966,NA,
5326217,NA,
5490667,NA,
5442536,NA,
3471515,NA,
5687134,NA,
6791692,NA,
5326085,NA,
3439212,NA,
5399955,NA,
5399890,NA,
5399796,NA,
5399946,NA,
3462505,NA,
7374563,NA,
5400948,NA,
4765627,NA,
4914078,NA,
5834966,NA,
3462553,NA,
3470131,NA,
5408340,NA,
5326169,NA,
5605287,NA,
5834930,NA,
5604550,NA,
5436845,NA,
3462464,NA,
5326119,NA,
5399867,NA,
5399904,NA,
6860081,NA,
3458061,NA,
4990310,NA,
4708214,NA,
5326154,NA,
3439227,NA,
3472260,NA,
5605305,NA,
5604480,NA,
3471724,NA,
5399940,NA,
3462523,NA,
3472274,NA,
3445382,NA,
6639868,NA,
3462512,NA,
5326098,NA,
5399816,NA,
3462486,NA,
3453511,NA,
5326185,NA,
5399884,NA,
5399960,NA,
5610854,NA,
5399944,NA,
5399777,NA,
5326166,NA,
6737285,NA,
5604523,NA,
5167566,NA,
5834697,NA,
5158641,NA,
3507661,NA,
6217859,NA,
3470132,NA,
6635115,NA,
3472305,NA,
3462452,NA,
6009851,NA,
6814272,NA,
7420524,NA,
3439281,NA,
6859539,NA,
3472295,NA,
3472276,NA,
4928008,NA,
3462455,NA,
3445068,NA,
6778665,NA,
5879665,NA,
4928721,NA,
5326225,NA,
5399922,NA,
5399929,NA,
5399778,NA,
5326141,NA,
5134540,NA,
5157156,NA,
5316851,NA,
5067573,NA,
6115496,NA,
5944528,NA,
5834975,NA,
5834923,NA,
5158694,NA,
5399864,NA,
3472343,NA,
5399892,NA,
5604507,NA,
5604578,NA,
6669261,NA,
6592214,NA,
5834974,NA,
3471686,NA,
3507658,NA,
6778707,NA,
3471630,NA,
3460098,NA,
3460107,NA,
5045726,NA,
5399865,NA,
3439244,NA,
5399776,NA,
5399738,NA,
5399760,NA,
5399829,NA,
5427932,NA,
5326152,NA,
5399805,NA,
5604475,NA,
5399913,NA,
3472333,NA,
3471623,NA,
5835176,NA,
5156370,NA,
3460514,NA,
3445387,NA,
3470119,NA,
4928077,NA,
3460138,NA,
6959101,NA,
5326143,NA,
5399832,NA,
5399945,NA,
5399917,NA,
4765615,268303,
5135163,NA,
5399846,NA,
7224909,NA,
5834988,NA,
5960385,NA,
6881754,NA,
4225263,NA,
5399930,NA,
5042895,NA,
5403742,NA,
4856869,NA,
5399755,NA,
3471695,NA,
5399719,NA,
3439287,NA,
3507659,NA,
3471671,NA,
3470057,NA,
3462478,NA,
5400759,NA,
5326187,NA,
5326212,NA,
4707138,NA,
5326235,NA,
5399900,NA,
3458004,NA,
6114891,NA,
6219301,NA,
6639869,NA,
5604564,NA,
3472342,NA,
5834962,NA,
7211653,NA,
5604589,NA,
5158671,NA,
3453513,NA,
5399948,NA,
5834950,NA,
5768409,NA,
3460103,NA,
3472329,NA,
3470096,NA,
3471640,NA,
5399767,NA,
5490668,NA,
5404972,NA,
3453514,NA,
4708208,NA,
3453539,NA,
5687135,NA,
5399708,NA,
5400747,NA,
5326208,NA,
5399732,NA,
5252481,NA,
4928007,NA,
5834937,NA,
3462551,NA,
5386473,NA,
6551430,NA,
5404742,502510,
4708218,NA,
3470088,NA,
3460125,NA,
5400739,NA,
5326238,NA,
5399868,NA,
5134599,NA,
3470118,NA,
3470067,NA,
3439266,NA,
4894701,NA,
5408341,NA,
5834987,NA,
5605308,NA,
3453530,NA,
5530469,NA,
3458028,NA,
3472335,NA,
5834903,NA,
3462541,NA,
5399852,NA,
5326230,NA,
3460524,NA,
5399843,NA,
5399907,NA,
5399923,NA,
5399921,NA,
4956229,NA,
5158668,NA,
3460768,NA,
3472340,NA,
5399825,NA,
5158674,NA,
3460757,NA,
5326210,NA,
5399871,NA,
5399862,NA,
5399714,NA,
5326051,NA,
6160822,NA,
4175879,NA,
5834971,NA,
5399793,NA,
5834913,NA,
4914077,NA,
3470056,NA,
3439239,NA,
2813337,NA,
5604576,NA,
3453477,NA,
5399885,NA,
4956894,NA,
2813119,NA,
6136674,NA,
3507654,NA,
3460132,NA,
5326343,NA,
4928011,NA,
3457958,NA,
5326048,NA,
4185686,NA,
5604595,NA,
5605288,NA,
3470077,NA,
5605302,NA,
4928035,NA,
3507642,NA,
5064141,NA,
5047632,NA,
3472304,NA,
3470063,NA,
3472286,NA,
3438918,NA,
3462529,NA,
3471486,NA,
5326122,NA,
5604529,NA,
5399968,NA,
5491202,NA,
4894704,NA,
5834965,NA,
5326066,NA,
3453483,NA,
5604571,NA,
5604574,NA,
5923756,NA,
5399879,NA,
5326202,NA,
5604570,NA,
4781793,NA,
3438940,NA,
5399950,NA,
5834991,NA,
3507655,NA,
5834979,NA,
5536598,NA,
6869830,NA,
5399942,NA,
3461872,NA,
3471480,NA,
4894699,NA,
6239897,NA,
3460784,NA,
5326189,NA,
3438907,NA,
5326221,NA,
5326216,NA,
3453500,NA,
3460761,NA,
5399961,NA,
3470130,NA,
3453479,NA,
5399870,NA,
6814271,NA,
5604567,NA,
5399925,NA,
5399915,NA,
3453515,NA,
5326108,NA,
5399937,NA,
3453484,NA,
3460154,NA,
4928097,NA,
3438917,NA,
5399874,NA,
3453481,NA,
5326229,NA,
5327339,NA,
5732821,NA,
5604596,NA,
4708144,NA,
5399863,NA,
5333892,NA,
4125277,NA,
3472327,NA,
3439223,NA,
3470079,NA,
5605284,NA,
5400762,NA,
5399969,NA,
5436822,NA,
5400753,NA,
5604569,NA,
5326149,NA,
4188987,NA,
4034152,NA,
3471639,NA,
3460141,NA,
3453510,NA,
4723056,NA,
6234702,NA,
5399958,NA,
5399838,NA,
6239896,NA,
5834968,NA,
5834970,NA,
3453509,NA,
5326233,NA,
5408345,NA,
5333719,502523,
5326207,NA,
5399934,NA,
4626669,NA,
3461906,NA,
4166216,NA,
5670057,NA,
3453495,NA,
4286160,NA,
5408342,NA,
5326234,NA,
3439211,NA,
3453518,NA,
5399947,NA,
4956613,NA,
5399869,NA,
5399949,NA,
5326232,NA,
3458018,NA,
5834978,NA,
4286060,NA,
5058487,NA,
4708198,NA,
5326239,NA,
5399920,NA,
4175877,NA,
5049401,NA,
5326045,NA,
4602289,NA,
5399952,NA,
5399842,NA,
5834973,NA,
3470129,NA,
5399912,NA,
2806885,489919,
4914083,NA,
5399936,NA,
5326231,NA,
5399956,NA,
5399898,NA,
5067571,NA,
4023971,NA,
5604568,NA,
5333720,502528,
3472267,NA,
5790375,NA,
3453490,NA,
4708207,NA,
5400748,NA,
5834984,NA,
5399963,NA,
4894696,NA,
5058483,NA,
5427837,NA,
5399909,NA,
5834976,NA,
4894700,NA,
3453486,NA,
4247790,NA,
5403117,NA,
3453499,NA,
5326226,NA,
5834990,NA,
4708199,NA,
4956625,NA,
5333721,502513,
5403738,502517,
5326224,NA,
5399889,NA,
3453492,NA,
4708217,NA,
5873374,NA,
4683337,NA,
5400730,NA,
5326223,NA,
5403734,502520,
5400756,NA,
3453493,NA,
5326227,NA,
3453527,NA,
3453485,NA,
4462366,NA,
3460131,NA,
4247789,NA,
4766230,250510,
