PCID,TCGID,
3439786,NA,
3507538,NA,
5921975,NA,
3469178,NA,
7211639,NA,
3439002,NA,
6680993,NA,
4781811,NA,
3461959,NA,
3461986,NA,
3461519,NA,
7420451,NA,
5226100,NA,
3439659,NA,
5921940,NA,
3445106,NA,
7420491,NA,
7211640,NA,
4642820,NA,
3471978,NA,
7420464,NA,
3472366,NA,
3461322,NA,
3438981,NA,
3438731,NA,
3470009,NA,
3461284,NA,
7420459,NA,
7629502,NA,
4268401,NA,
3469960,NA,
4276941,NA,
3439581,NA,
4277029,NA,
7401338,NA,
4928894,NA,
3470000,NA,
3507476,NA,
6681068,NA,
4276946,NA,
6042486,NA,
4268398,NA,
3469189,NA,
7420436,NA,
6894084,NA,
3469995,NA,
3461980,NA,
3507480,NA,
3470019,NA,
3445107,NA,
3461516,NA,
3506689,NA,
3472369,NA,
3970116,NA,
3470034,NA,
4268396,NA,
3469986,NA,
3445092,NA,
6681078,NA,
5164337,NA,
3439028,NA,
5164363,NA,
3970147,NA,
3469205,NA,
3970150,NA,
3507636,NA,
4268394,NA,
3439723,NA,
3461528,NA,
3507484,NA,
3461526,NA,
3439627,NA,
3458210,NA,
5921946,NA,
3469987,NA,
3458234,NA,
3439768,NA,
4891550,NA,
3506714,NA,
6894095,NA,
3439600,NA,
3469215,NA,
3461970,NA,
3461296,NA,
3469946,NA,
3438995,NA,
5134541,NA,
5921992,NA,
3469947,NA,
6894060,NA,
4277005,NA,
5917115,NA,
3438854,NA,
6681084,NA,
3970121,NA,
4781786,NA,
3970066,NA,
7136200,NA,
3439832,NA,
4928863,NA,
6894081,NA,
4277062,NA,
3439609,NA,
3461990,NA,
3439653,NA,
5921874,NA,
3970133,NA,
3970084,NA,
4781804,NA,
3970109,NA,
4891551,NA,
3461319,NA,
6681012,NA,
3469998,NA,
6681075,NA,
4268392,NA,
6894073,NA,
3461506,NA,
5400907,NA,
3453543,NA,
4276949,NA,
7420507,NA,
3507551,NA,
3439866,NA,
3472353,NA,
3461469,NA,
3472398,NA,
3439025,NA,
6680992,NA,
4781772,NA,
3469949,NA,
3438987,NA,
3472441,NA,
3458232,NA,
6681032,NA,
6904829,NA,
3469927,NA,
3469234,NA,
3970058,NA,
6681062,NA,
3469933,NA,
3506675,NA,
6894094,NA,
3458214,NA,
3469992,NA,
5921954,NA,
5164330,NA,
3458261,NA,
3461936,NA,
6680995,NA,
6680990,NA,
5551889,NA,
3461538,NA,
3438962,NA,
3470015,NA,
5164362,NA,
6894119,NA,
7638506,NA,
7420449,NA,
4277058,NA,
3469948,NA,
7287149,NA,
3461310,NA,
3439015,NA,
3970094,NA,
6682318,NA,
3970156,NA,
3439027,NA,
3970127,NA,
4781802,NA,
4781741,NA,
7638510,NA,
3469950,NA,
3439004,NA,
3469953,NA,
4781787,NA,
3507492,NA,
3439626,NA,
5164327,NA,
3461993,NA,
3970106,NA,
3461286,NA,
3438724,NA,
3970060,NA,
3472404,NA,
5953314,NA,
3471968,NA,
3461285,NA,
3439739,NA,
6680996,NA,
3461274,NA,
3470021,NA,
4276962,NA,
3469235,NA,
4335120,NA,
3461316,NA,
6894056,NA,
4276952,NA,
3461977,NA,
3439628,NA,
4914323,NA,
3439845,NA,
3462006,NA,
5917087,NA,
3438713,NA,
3461297,NA,
4557567,NA,
4277060,NA,
7401342,NA,
3458263,NA,
3470025,NA,
3438755,NA,
4277059,NA,
3507607,NA,
6894045,NA,
4559767,NA,
4781755,NA,
3506695,NA,
6681004,NA,
3438861,NA,
3439761,NA,
3469988,NA,
4276956,NA,
5285470,NA,
4781754,NA,
4877860,NA,
3469964,NA,
3470003,NA,
7420486,NA,
5921947,NA,
4277046,NA,
3461332,NA,
3469207,NA,
5921903,NA,
3461270,NA,
3461287,NA,
6681103,NA,
3439762,NA,
3439726,NA,
3438863,NA,
5807275,NA,
4928197,NA,
3469212,NA,
6894137,NA,
3461994,NA,
3461914,NA,
3461523,NA,
3507498,NA,
5921948,NA,
3438853,NA,
5921972,NA,
3438705,NA,
5921930,NA,
4559753,NA,
3470004,NA,
3469935,NA,
3472400,NA,
4928856,NA,
7420471,NA,
5921986,NA,
3438738,NA,
3471979,NA,
3507597,NA,
3970085,NA,
5921936,NA,
6894064,NA,
3461958,NA,
3461330,NA,
3438972,NA,
4652767,NA,
7287140,NA,
4877861,NA,
3439722,NA,
3507452,NA,
4781767,NA,
3438877,NA,
3438769,NA,
6894070,NA,
3458215,NA,
3438725,NA,
3438964,NA,
3462007,NA,
3472360,NA,
4891555,NA,
3507568,NA,
3439646,NA,
3439754,NA,
3438862,NA,
3439741,NA,
7401350,NA,
7420490,NA,
3469196,NA,
5921963,NA,
3438874,NA,
3439743,NA,
3461471,NA,
4277055,NA,
5921967,NA,
3453381,NA,
3438767,NA,
4277043,NA,
4408995,NA,
5921966,NA,
3461512,NA,
6681021,NA,
5164359,NA,
3453615,NA,
3461547,NA,
3470008,NA,
6681014,NA,
7420523,NA,
4277044,NA,
5253740,NA,
3438707,NA,
6894099,NA,
7420444,NA,
3507619,NA,
7321610,NA,
4928827,NA,
5252487,NA,
4928158,NA,
3507610,NA,
3438846,NA,
3471954,NA,
4409011,NA,
3506687,NA,
4276948,NA,
3439806,NA,
3471974,NA,
3461949,NA,
3472006,NA,
3445094,NA,
3462000,NA,
7211638,NA,
3970064,NA,
3461932,NA,
4277068,NA,
4277004,NA,
5921971,NA,
4928837,NA,
3469956,NA,
3472380,NA,
6894136,NA,
7285894,NA,
3472437,NA,
3458241,NA,
3439817,NA,
6894129,NA,
6681033,NA,
5953285,NA,
3470022,NA,
3461924,NA,
3506685,NA,
4277026,NA,
5164351,NA,
3453594,NA,
6680983,NA,
3438990,NA,
6680980,NA,
3438994,NA,
3445098,NA,
3507479,NA,
3439590,NA,
3461524,NA,
4928843,NA,
4557543,NA,
3469231,NA,
5921999,NA,
3461268,NA,
3507553,NA,
4928160,NA,
6681054,NA,
5551885,NA,
5917439,NA,
3438993,NA,
5551892,NA,
3438701,NA,
3507481,NA,
3507512,NA,
3461935,NA,
3439647,NA,
3438838,NA,
7638526,NA,
3439814,NA,
5922009,NA,
4928171,NA,
3458218,NA,
3970146,NA,
3472445,NA,
3469994,NA,
6660022,NA,
6681048,NA,
3461281,NA,
5921962,NA,
3439838,NA,
5922013,NA,
5528196,NA,
4928196,NA,
6894126,NA,
3461279,NA,
4276989,NA,
4928216,NA,
5921916,NA,
3439718,NA,
3461985,NA,
3438961,NA,
4781777,NA,
3472352,NA,
3438975,NA,
6894133,NA,
3438702,NA,
3439855,NA,
3453596,NA,
7420512,NA,
3472365,NA,
3438773,NA,
3461329,NA,
3471964,NA,
5922006,NA,
3470005,NA,
6680997,NA,
6681041,NA,
4276955,NA,
3461952,NA,
4891548,NA,
7401348,NA,
5917083,NA,
7211641,NA,
5921920,NA,
3472422,NA,
3438992,NA,
3439720,NA,
3469954,NA,
3453550,NA,
4557561,NA,
7211642,NA,
4781749,NA,
6681081,NA,
3469934,NA,
6681079,NA,
5154321,NA,
7420433,NA,
3439849,NA,
5921937,NA,
5922012,NA,
6904858,NA,
3458252,NA,
4277017,NA,
7307310,NA,
7287157,NA,
5921910,NA,
3439624,NA,
7287138,NA,
3453586,NA,
6055391,NA,
4408993,NA,
7638527,NA,
3458212,NA,
3439597,NA,
6894079,NA,
4335133,NA,
3507546,NA,
6894103,NA,
6894089,NA,
4781773,NA,
4276973,NA,
3506701,NA,
3469929,NA,
3507505,NA,
3507556,NA,
3461921,NA,
3461923,NA,
3458267,NA,
3970168,NA,
3970091,NA,
3439645,NA,
3438869,NA,
3470031,NA,
7321612,NA,
3469945,NA,
3439716,NA,
3458258,NA,
7401337,NA,
3438856,NA,
3469191,NA,
3507453,NA,
7420465,NA,
3461497,NA,
4890492,NA,
3439735,NA,
3970097,NA,
3458220,NA,
3461273,NA,
4928883,NA,
3506704,NA,
4928836,NA,
5551894,NA,
5917095,NA,
7420489,NA,
3469959,NA,
6216727,NA,
4276937,NA,
3507547,NA,
3439619,NA,
3461920,NA,
4277030,NA,
5164364,NA,
5921976,NA,
3461468,NA,
7420505,NA,
4277049,NA,
7287159,NA,
3438959,NA,
3469220,NA,
3507626,NA,
3461313,NA,
3507466,NA,
3507631,NA,
3461984,NA,
5922016,NA,
3469209,NA,
3507518,NA,
5953316,NA,
7401343,NA,
4781805,NA,
5953283,NA,
6681069,NA,
3438958,NA,
3453565,NA,
3439649,NA,
3453549,NA,
5164344,NA,
6894092,NA,
4335135,NA,
5921990,NA,
3439599,NA,
3461942,NA,
5253738,NA,
3507471,NA,
3507494,NA,
3469972,NA,
3439623,NA,
7420431,NA,
3469958,NA,
5528197,NA,
5921912,NA,
4276965,NA,
7420504,NA,
7211637,NA,
3507635,NA,
3507470,NA,
3461306,NA,
7420432,NA,
3470002,NA,
4864002,NA,
4928209,NA,
5164332,NA,
7420447,NA,
3507502,NA,
4268389,NA,
5953290,NA,
6681101,NA,
3461467,NA,
3507548,NA,
3438848,NA,
3438950,NA,
4276990,NA,
3438764,NA,
3472438,NA,
3439798,NA,
3461334,NA,
7420463,NA,
4277065,NA,
7401349,NA,
6894072,NA,
6894069,NA,
3439585,NA,
4928162,NA,
6984157,NA,
6680999,NA,
3506679,NA,
3461540,NA,
6680979,NA,
3472016,NA,
3438746,NA,
3471953,NA,
6894123,NA,
3461266,NA,
5922000,NA,
3439803,NA,
3453434,NA,
6406665,NA,
3507580,NA,
3458208,NA,
3439622,NA,
3469188,NA,
3461919,NA,
6073279,NA,
5922004,NA,
4276947,NA,
5921984,NA,
4409010,NA,
4928179,NA,
7420474,NA,
4928876,NA,
6681029,NA,
3507604,NA,
3458224,NA,
3438847,NA,
3458253,NA,
3507457,NA,
4781759,NA,
3438885,NA,
3438867,NA,
3507609,NA,
3507634,NA,
3461998,NA,
3461999,NA,
3461298,NA,
7420442,NA,
5917093,NA,
3439602,NA,
3507624,NA,
3507486,NA,
3461938,NA,
4781756,NA,
3461976,NA,
6869916,NA,
6782126,NA,
3970081,NA,
3458249,NA,
5045313,NA,
3445101,NA,
3471969,NA,
4408997,NA,
7401340,NA,
4277050,NA,
3461295,NA,
3472383,NA,
6894100,NA,
5921904,NA,
3507477,NA,
3439769,NA,
4928215,NA,
3439660,NA,
5921304,NA,
7420475,NA,
3469221,NA,
4781815,NA,
3461303,NA,
3461305,NA,
3458262,NA,
3507487,NA,
6996339,NA,
6894074,NA,
3507588,NA,
3461948,NA,
3438759,NA,
3458201,NA,
3469217,NA,
3439026,NA,
7348548,NA,
3507629,NA,
3439846,NA,
3507522,NA,
3507533,NA,
3507515,NA,
3472371,NA,
5551893,NA,
6680982,NA,
6681111,NA,
3439634,NA,
3439610,NA,
3453564,NA,
4956909,NA,
4277038,NA,
3461513,NA,
3439815,NA,
4928161,NA,
4277040,NA,
4557572,NA,
3458259,NA,
7136203,NA,
7420518,NA,
3439860,NA,
3453447,NA,
3469219,NA,
3507565,NA,
3462008,NA,
3453430,NA,
4276944,NA,
6779873,NA,
3439773,NA,
3507612,NA,
7420472,NA,
3439586,NA,
7420481,NA,
3439825,NA,
3461482,NA,
6894087,NA,
3461925,NA,
5921997,NA,
6894112,NA,
3461309,NA,
7211650,NA,
3461479,NA,
3470032,NA,
3439727,NA,
3469232,NA,
3461941,NA,
4928831,NA,
3461916,NA,
5921905,NA,
3458213,NA,
5157150,NA,
4928154,NA,
3458251,NA,
3439639,NA,
3469931,NA,
4277048,NA,
3507545,NA,
3438870,NA,
5921991,NA,
3469989,NA,
7420470,NA,
5177448,NA,
3507611,NA,
4781763,NA,
4276988,NA,
3458203,NA,
4891552,NA,
4276954,NA,
3461962,NA,
3461944,NA,
4276939,NA,
3439635,NA,
4781766,NA,
3461269,NA,
4928169,NA,
3461283,NA,
3970129,NA,
3471959,NA,
4277045,NA,
4268402,NA,
3461473,NA,
3472428,NA,
3438889,NA,
3507567,NA,
3439824,NA,
3453629,NA,
3439642,NA,
4830312,NA,
3439587,NA,
7211645,NA,
3507563,NA,
6681013,NA,
3461979,NA,
3458233,NA,
3507570,NA,
5922017,NA,
5921906,NA,
3439759,NA,
3469224,NA,
5921973,NA,
4276980,NA,
4276972,NA,
3507468,NA,
4928838,NA,
4277041,NA,
3439821,NA,
3461989,NA,
5921943,NA,
7420445,NA,
5917091,NA,
3507511,NA,
3469194,NA,
3439851,NA,
6894067,NA,
5921907,NA,
3438971,NA,
3506705,NA,
3453419,NA,
3471950,NA,
3439732,NA,
6894114,NA,
4928214,NA,
3439614,NA,
6681112,NA,
5921922,NA,
5917112,NA,
4602476,NA,
7420437,NA,
3507521,NA,
4781739,NA,
5921974,NA,
3461301,NA,
6680998,NA,
3458266,NA,
3461917,NA,
3462002,NA,
3507603,NA,
4276996,NA,
4277063,NA,
7321613,NA,
3507585,NA,
3469939,NA,
5922003,NA,
5551470,NA,
5921933,NA,
3507605,NA,
5921982,NA,
5921981,NA,
3507586,NA,
4277012,NA,
3438763,NA,
3439733,NA,
6894071,NA,
4409005,NA,
3472414,NA,
3469944,NA,
3507608,NA,
7638528,NA,
3970072,NA,
7531709,NA,
3506696,NA,
4559762,NA,
3439615,NA,
3458216,NA,
3445100,NA,
5921978,NA,
3458222,NA,
3461271,NA,
3507579,NA,
3458200,NA,
6894068,NA,
3439750,NA,
4891560,NA,
6894077,NA,
7420498,NA,
3439638,NA,
4928844,NA,
3453474,NA,
3507564,NA,
3438973,NA,
3439857,NA,
5922010,NA,
3461505,NA,
6681031,NA,
3461983,NA,
4891545,NA,
5922002,NA,
3470027,NA,
7420508,NA,
4890490,NA,
3507620,NA,
3469990,NA,
3507507,NA,
7401351,NA,
4559754,NA,
3462009,NA,
6775666,NA,
5921929,NA,
3458230,NA,
3472386,NA,
3439003,NA,
7420435,NA,
5164355,NA,
4409001,NA,
4557568,NA,
4949763,NA,
4557549,NA,
3470041,NA,
3438699,NA,
3438849,NA,
3469238,NA,
3471971,NA,
3507549,NA,
3439577,NA,
3461282,NA,
3461971,NA,
4268406,NA,
3507606,NA,
3438976,NA,
3507627,NA,
3439782,NA,
4781801,NA,
5921993,NA,
3439592,NA,
3461477,NA,
5921913,NA,
3438737,NA,
5921980,NA,
3461978,NA,
3461501,NA,
5921941,NA,
3445104,NA,
5921908,NA,
3438719,NA,
3472415,NA,
6681011,NA,
3506711,NA,
5551888,NA,
3453556,NA,
6796156,NA,
7638505,NA,
4559752,NA,
4559764,NA,
3453607,NA,
3438954,NA,
4877857,NA,
4781758,NA,
4781761,NA,
3472018,NA,
3453611,NA,
5204989,NA,
4781782,NA,
4559761,NA,
7401341,NA,
5164358,NA,
4559747,NA,
5164326,NA,
3461466,NA,
3453567,NA,
5953292,NA,
5953286,NA,
5164336,NA,
3461475,NA,
3453570,NA,
3471967,NA,
5164348,NA,
5164353,NA,
5164347,NA,
5164345,NA,
4268407,NA,
3453592,NA,
3461472,NA,
5040212,NA,
3438955,NA,
3970082,NA,
3970057,NA,
3471992,NA,
3471945,NA,
3471985,NA,
3453598,NA,
3438968,NA,
3438967,NA,
3970101,NA,
4268391,NA,
3461544,NA,
3970159,NA,
3453555,NA,
5953284,NA,
4559749,NA,
3471990,NA,
3471958,NA,
3471991,NA,
3970114,NA,
3461491,NA,
3970062,NA,
5953291,NA,
3970149,NA,
3472011,NA,
3970092,NA,
3472031,NA,
3472351,NA,
3472372,NA,
3472410,NA,
3472399,NA,
3472443,NA,
3471962,NA,
5953302,NA,
3970125,NA,
5166915,NA,
3472385,NA,
3453557,NA,
3472375,NA,
3471996,NA,
3970107,NA,
3471980,NA,
3472370,NA,
3970078,NA,
3506684,NA,
6681064,NA,
7638524,NA,
3506700,NA,
3506699,NA,
3506709,NA,
3506712,NA,
3471966,NA,
3506694,NA,
3506692,NA,
7638507,NA,
6681092,NA,
6681082,NA,
3453631,NA,
6681072,NA,
6681050,NA,
6681096,NA,
6680985,NA,
3970090,NA,
3472014,NA,
3970132,NA,
3472000,NA,
3970108,NA,
3471946,NA,
3471973,NA,
3970110,NA,
3970087,NA,
3453413,NA,
3970157,NA,
3970151,NA,
3453423,NA,
3970102,NA,
3970065,NA,
3970162,NA,
5551891,NA,
4409008,NA,
3453389,NA,
5551884,NA,
5551902,NA,
5551890,NA,
3970152,NA,
5551897,NA,
6777802,NA,
3472418,NA,
3439008,NA,
4268405,NA,
5551905,NA,
6681067,NA,
3472405,NA,
6681051,NA,
3970167,NA,
5551900,NA,
3471970,NA,
3471986,NA,
3453632,NA,
3970119,NA,
3453583,NA,
3453605,NA,
3453584,NA,
3970163,NA,
3471947,NA,
4877851,NA,
6423175,NA,
3453400,NA,
3970118,NA,
3970172,NA,
3471984,NA,
3970115,NA,
3970112,NA,
3970122,NA,
7638522,NA,
3453554,NA,
4408996,NA,
3470026,NA,
3507601,NA,
4928889,NA,
5134546,NA,
3453461,NA,
6894062,NA,
4928187,NA,
4276963,NA,
5921931,NA,
5917086,NA,
3461950,NA,
4928201,NA,
3461483,NA,
3439605,NA,
7420458,NA,
3462005,NA,
3461504,NA,
3461968,NA,
3438742,NA,
4277047,NA,
3439017,NA,
3461331,NA,
3507467,NA,
3438760,NA,
5921924,NA,
3469241,NA,
3458206,NA,
3507508,NA,
3439787,NA,
4277002,NA,
4928203,NA,
4928189,NA,
4276981,NA,
3472002,NA,
6681071,NA,
6680989,NA,
3461338,NA,
3445103,NA,
3472024,NA,
3461343,NA,
3438879,NA,
3507469,NA,
3507637,NA,
5769156,NA,
5921989,NA,
3469200,NA,
3461535,NA,
3469184,NA,
3461318,NA,
3507525,NA,
3461992,NA,
6894066,NA,
4891543,NA,
3439859,NA,
3439584,NA,
3461484,NA,
3458228,NA,
6894138,NA,
4781765,NA,
3439655,NA,
3438839,NA,
7420479,NA,
4891564,NA,
3445093,NA,
4277057,NA,
3507493,NA,
5164329,NA,
3507541,NA,
4928833,NA,
6894063,NA,
3461940,NA,
4559748,NA,
3507514,NA,
3471987,NA,
4268410,NA,
3461462,NA,
3439862,NA,
7420513,NA,
5921945,NA,
3439820,NA,
3458225,NA,
3507458,NA,
3461520,NA,
3472440,NA,
4276976,NA,
7420487,NA,
4954178,NA,
5922015,NA,
3439656,NA,
5917114,NA,
4017895,NA,
4891546,NA,
6894052,NA,
3438957,NA,
3507478,NA,
5921938,NA,
3469985,NA,
3469227,NA,
3458264,NA,
3439835,NA,
3469982,NA,
3469932,NA,
3439784,NA,
3439837,NA,
3507591,NA,
3472001,NA,
3471956,NA,
7211646,NA,
3970120,NA,
4928832,NA,
3507572,NA,
3461321,NA,
3439734,NA,
3439833,NA,
7136190,NA,
6894101,NA,
3461464,NA,
3439809,NA,
7420455,NA,
4276982,NA,
3507561,NA,
5836805,NA,
3439834,NA,
3458207,NA,
4277025,NA,
5921927,NA,
3439858,NA,
5921949,NA,
3438749,NA,
4277011,NA,
3439781,NA,
3507550,NA,
3461918,NA,
3507530,NA,
3472010,NA,
3438852,NA,
3970080,NA,
3461325,NA,
6681010,NA,
3472406,NA,
7638512,NA,
7638509,NA,
4928835,NA,
3970136,NA,
6681086,NA,
4557545,NA,
3439848,NA,
7211636,NA,
5391662,NA,
4928164,NA,
3469213,NA,
3439621,NA,
3507573,NA,
5922005,NA,
3438868,NA,
3507454,NA,
3507497,NA,
7321604,NA,
7321607,NA,
3438734,NA,
3507482,NA,
3439636,NA,
7401344,NA,
6681052,NA,
3469229,NA,
3461537,NA,
3507544,NA,
3461955,NA,
3461276,NA,
4276945,NA,
3439827,NA,
3507455,NA,
6894102,NA,
3469216,NA,
3469978,NA,
3439651,NA,
3458242,NA,
3439582,NA,
3469195,NA,
4928847,NA,
4928190,NA,
4335123,NA,
3438984,NA,
3438986,NA,
5164331,NA,
3439000,NA,
3506691,NA,
3506688,NA,
3472378,NA,
3453576,NA,
3438858,NA,
3507474,NA,
4335121,NA,
3439654,NA,
4276992,NA,
5921925,NA,
3461951,NA,
5917094,NA,
3439625,NA,
3458256,NA,
3461323,NA,
3970135,NA,
6894117,NA,
7321602,NA,
7287153,NA,
6894124,NA,
3461315,NA,
3453463,NA,
6681028,NA,
7420439,NA,
6894107,NA,
6894046,NA,
3461926,NA,
4928193,NA,
4277024,NA,
4928183,NA,
6399270,NA,
7401347,NA,
7420468,NA,
3461943,NA,
3438953,NA,
6905920,NA,
3461939,NA,
4891559,NA,
3469926,NA,
7420466,NA,
3438761,NA,
7539505,NA,
4928181,NA,
7539508,NA,
3461972,NA,
4276943,NA,
3438949,NA,
6875025,NA,
3970124,NA,
3506710,NA,
3439009,NA,
4559766,NA,
3472395,NA,
4276984,NA,
3461534,NA,
4268393,NA,
7638508,NA,
4559760,NA,
3469974,NA,
3461488,NA,
3471949,NA,
4557553,NA,
5075541,NA,
3970063,NA,
6681104,NA,
3469199,NA,
3461489,NA,
3461317,NA,
3507617,NA,
3469239,NA,
3438866,NA,
4276999,NA,
5953318,NA,
5528198,NA,
7420485,NA,
3469240,NA,
7401339,NA,
3439748,NA,
3458248,NA,
3439637,NA,
4277036,NA,
3507506,NA,
7321605,NA,
6894116,NA,
3439841,NA,
7420495,NA,
6894088,NA,
3507589,NA,
3970099,NA,
4891562,NA,
3438684,NA,
3507504,NA,
7211634,NA,
4276975,NA,
3461326,NA,
5953295,NA,
5164341,NA,
3970145,NA,
3469192,NA,
3472444,NA,
3461496,NA,
3438951,NA,
3461510,NA,
4928885,NA,
7211635,NA,
6681007,NA,
4277022,NA,
3461991,NA,
3453409,NA,
3472396,NA,
4830308,NA,
6681036,NA,
4928867,NA,
3438843,NA,
4781774,NA,
3439601,NA,
3439643,NA,
6894047,NA,
4781776,NA,
3461953,NA,
4781817,NA,
3507450,NA,
7211651,NA,
3461312,NA,
4277338,NA,
7401335,NA,
3970126,NA,
3438756,NA,
3461996,NA,
6682667,NA,
6894053,NA,
5836801,NA,
3469187,NA,
3469983,NA,
7638519,NA,
4928218,NA,
4891557,NA,
3461967,NA,
3461933,NA,
3470016,NA,
3453575,NA,
3472361,NA,
3506682,NA,
3453379,NA,
4781819,NA,
3461314,NA,
6894113,NA,
4335128,NA,
3438851,NA,
4918776,NA,
4781780,NA,
3438708,NA,
3461508,NA,
5922014,NA,
4928859,NA,
3458229,NA,
3507513,NA,
3438703,NA,
4928850,NA,
3439767,NA,
4557571,NA,
3439652,NA,
3506674,NA,
4928491,NA,
3461928,NA,
3461272,NA,
4928891,NA,
4928881,NA,
4928862,NA,
3469955,NA,
5921944,NA,
3439011,NA,
3439775,NA,
3970177,NA,
6894076,NA,
3469208,NA,
3438766,NA,
3438686,NA,
6423168,NA,
7420462,NA,
7211632,NA,
3461344,NA,
4928890,NA,
4928194,NA,
4276978,NA,
3472003,NA,
3438956,NA,
3471943,NA,
3472374,NA,
3506713,NA,
3439021,NA,
5953301,NA,
5164357,NA,
5953317,NA,
3970128,NA,
6681043,NA,
3461509,NA,
6681025,NA,
4781770,NA,
3439728,NA,
3458237,NA,
3470040,NA,
3472427,NA,
4277001,NA,
5253736,NA,
4277069,NA,
4277021,NA,
3461961,NA,
4276998,NA,
3469236,NA,
6894132,NA,
3439844,NA,
3439812,NA,
3439580,NA,
3470014,NA,
3507583,NA,
4277014,NA,
7420457,NA,
3507628,NA,
4781775,NA,
3439808,NA,
3439657,NA,
4928839,NA,
4891554,NA,
4928826,NA,
3438741,NA,
6681017,NA,
7456085,NA,
3453431,NA,
4928849,NA,
5921965,NA,
4928168,NA,
3438765,NA,
3438980,NA,
5921915,NA,
7638513,NA,
3471965,NA,
5953303,NA,
3438989,NA,
3461527,NA,
3472388,NA,
3439737,NA,
3438706,NA,
3438970,NA,
5953315,NA,
3461320,NA,
4335125,NA,
3507459,NA,
3970165,NA,
6894065,NA,
5921934,NA,
7420440,NA,
6894082,NA,
4276958,NA,
3453405,NA,
7222922,NA,
4277007,NA,
4928840,NA,
6336989,NA,
4928870,NA,
3439719,NA,
6894083,NA,
3507616,NA,
7537324,NA,
3469223,NA,
3438690,NA,
3461290,NA,
4928861,NA,
4928874,NA,
3469185,NA,
3970079,NA,
3458221,NA,
5917117,NA,
4928869,NA,
4928853,NA,
6894128,NA,
3507632,NA,
4276968,NA,
3970071,NA,
3438965,NA,
6681100,NA,
3438997,NA,
3439776,NA,
3471976,NA,
4277033,NA,
3469942,NA,
3472401,NA,
3439753,NA,
3439596,NA,
3469222,NA,
4276969,NA,
3507462,NA,
6894075,NA,
5921957,NA,
4276994,NA,
3507510,NA,
4781814,NA,
3438736,NA,
5921979,NA,
3438717,NA,
3438857,NA,
3970098,NA,
4335141,NA,
3469226,NA,
3507472,NA,
3439731,NA,
3458260,NA,
4781788,NA,
7420488,NA,
6894057,NA,
3461333,NA,
3438876,NA,
5921926,NA,
3453454,NA,
4928868,NA,
7420511,NA,
3461302,NA,
4781752,NA,
6681074,NA,
3445108,NA,
6894049,NA,
7287143,NA,
4928217,NA,
3438888,NA,
6894090,NA,
3461963,NA,
7310843,NA,
3439001,NA,
3472007,NA,
5551904,NA,
3470011,NA,
3506678,NA,
3472420,NA,
3439574,NA,
6681030,NA,
3472384,NA,
7420460,NA,
3439778,NA,
3472028,NA,
3438768,NA,
3439593,NA,
4830316,NA,
7420501,NA,
6894122,NA,
7211633,20,
3461335,NA,
6894130,NA,
4781807,NA,
3469201,NA,
3507529,NA,
3453460,NA,
3458223,NA,
4928182,NA,
4928897,NA,
3458243,NA,
4928173,NA,
5921911,NA,
4891541,NA,
3469186,NA,
3439630,NA,
3507587,NA,
3438740,NA,
3461493,NA,
3970154,NA,
3507503,NA,
3439863,NA,
3439721,NA,
4277023,NA,
3438722,NA,
4277020,NA,
4928191,NA,
3439823,NA,
3438977,NA,
4276977,NA,
3507528,NA,
5917116,NA,
3439014,NA,
4268409,NA,
3438732,NA,
3472034,NA,
3470024,NA,
6680987,NA,
4559750,NA,
4781769,NA,
3506673,NA,
3471957,NA,
4277006,NA,
3471972,NA,
3472015,NA,
4928875,NA,
3472412,NA,
4268400,NA,
4928848,NA,
4409009,NA,
3439715,NA,
3453439,NA,
3470038,NA,
5551883,NA,
4276936,NA,
3461342,NA,
3458204,NA,
7287141,NA,
3439589,NA,
3458240,NA,
3453587,NA,
3461485,NA,
3458245,NA,
6894091,NA,
5917096,NA,
4928157,NA,
3461517,NA,
3461515,NA,
4891558,NA,
6985053,NA,
3439724,NA,
6894085,NA,
4928188,NA,
3461946,NA,
3461982,NA,
7321609,NA,
3438697,NA,
3439594,NA,
5921919,NA,
4277028,NA,
6681055,NA,
4928199,NA,
5921917,NA,
3439736,NA,
5921998,NA,
4928202,NA,
3438718,NA,
3439840,NA,
3453444,NA,
3458202,NA,
3469941,NA,
3470013,NA,
3507598,NA,
7638520,NA,
4277053,NA,
3471963,NA,
3472033,NA,
3471982,NA,
5604345,NA,
3439766,NA,
3970104,NA,
6681046,NA,
3470036,NA,
3461492,NA,
3471993,NA,
6669258,NA,
3469928,NA,
7401346,NA,
3506707,NA,
6680988,NA,
3471997,NA,
4559755,NA,
3461966,NA,
3506702,NA,
3438883,NA,
3439640,NA,
5551898,NA,
3439613,NA,
3458238,NA,
3461470,NA,
6894055,NA,
3453427,NA,
5551881,NA,
4557562,NA,
5921951,NA,
4891549,NA,
7287147,NA,
3461280,NA,
5921950,NA,
7420496,NA,
7401345,NA,
3461931,NA,
3461277,NA,
4276985,NA,
3469198,NA,
3439819,NA,
3507594,NA,
5253737,NA,
3439854,NA,
6894059,NA,
3469952,NA,
7420453,NA,
3438841,NA,
3507630,NA,
7420497,NA,
4928212,NA,
6894050,NA,
5921921,NA,
3461930,NA,
5953297,NA,
7420446,NA,
3438890,NA,
3970131,NA,
7638523,NA,
4276991,NA,
3445096,NA,
4928882,NA,
5953299,NA,
6681076,NA,
3439757,NA,
4276966,NA,
4781810,NA,
6681108,NA,
3453625,NA,
4928176,NA,
7211644,NA,
3970178,NA,
4928207,NA,
4781760,NA,
4557559,NA,
4928178,NA,
3461328,NA,
6659914,NA,
3507582,NA,
3507519,NA,
3461997,NA,
4928163,NA,
3461956,NA,
3438754,NA,
7420484,NA,
3461291,NA,
6680981,NA,
6894044,NA,
7420441,NA,
3507451,NA,
3507531,NA,
4276971,NA,
3469991,NA,
3469176,NA,
3507524,NA,
3507539,NA,
3507592,NA,
7638525,NA,
3970148,NA,
3461529,NA,
3469973,NA,
3970171,NA,
3472359,NA,
3506706,NA,
7420452,NA,
3438996,NA,
5953293,NA,
3472367,NA,
5953289,NA,
3970068,NA,
5164354,NA,
3472376,NA,
5953296,NA,
4928886,NA,
7638514,NA,
3461530,NA,
3438960,NA,
4928860,NA,
5953306,NA,
3507613,NA,
3461965,NA,
3472408,NA,
3438733,NA,
3439760,NA,
3453546,NA,
3453420,NA,
3458217,NA,
3472381,NA,
3472391,NA,
3970180,NA,
3469943,NA,
3439588,NA,
5921995,NA,
7420473,NA,
3507621,NA,
4928852,NA,
4409012,NA,
3461947,NA,
3438771,NA,
4277013,NA,
7420456,NA,
4557560,NA,
3438887,NA,
3507464,NA,
4781745,NA,
4928845,NA,
3507559,NA,
4830317,NA,
3469996,NA,
3507576,NA,
3439612,NA,
3507578,NA,
4891544,NA,
4276953,NA,
3461973,NA,
4277037,NA,
3470028,NA,
5252232,NA,
7211648,NA,
3507560,NA,
3461288,NA,
3472009,NA,
4268404,NA,
5164349,NA,
3472403,NA,
4277009,NA,
4928878,NA,
4781797,NA,
6681066,NA,
6681008,NA,
4781762,NA,
3438886,NA,
6681063,NA,
3970161,NA,
3469965,NA,
4781746,NA,
3453558,NA,
3439804,NA,
7287151,NA,
3970143,NA,
3461915,NA,
3439730,NA,
3469233,NA,
3461929,NA,
4335124,NA,
4335138,NA,
6894111,NA,
3458250,NA,
4277064,NA,
4830304,NA,
4277003,NA,
4557564,NA,
3445105,NA,
3461957,NA,
3461267,NA,
3453443,NA,
6894078,NA,
3439648,NA,
3439604,NA,
3453620,NA,
3507623,NA,
4928208,NA,
3469938,NA,
4928880,NA,
5921918,NA,
3472030,NA,
3970070,NA,
6249762,NA,
3453608,NA,
3970075,NA,
3471948,NA,
6681095,NA,
5921961,NA,
3469981,NA,
3438991,NA,
4928864,NA,
4928872,NA,
3439816,NA,
6681070,NA,
3472389,NA,
5047564,NA,
5391445,NA,
3453626,NA,
3438704,NA,
5921932,NA,
3461311,NA,
6894131,NA,
5921959,NA,
3469242,NA,
7420454,NA,
4276938,NA,
3439603,NA,
6681040,NA,
3470007,NA,
3439765,NA,
5921969,NA,
3507456,NA,
4928877,NA,
3469997,NA,
3461480,NA,
6894054,NA,
6894098,NA,
3461975,NA,
4928896,NA,
3461511,NA,
7420500,NA,
3461275,NA,
3439861,NA,
3438750,NA,
4928210,NA,
6775680,NA,
3453624,NA,
3438988,NA,
7420443,NA,
3472020,NA,
3461490,NA,
3970083,NA,
4276951,NA,
4781757,NA,
3461476,NA,
6681105,NA,
3439752,NA,
4928195,NA,
4891563,NA,
3472363,NA,
3472417,NA,
4277052,NA,
3469962,NA,
4928892,NA,
3469961,NA,
3461487,NA,
4276993,NA,
3439818,NA,
3438752,NA,
7420492,NA,
3438715,NA,
4557555,NA,
3461937,NA,
4557557,NA,
5164338,NA,
3469228,NA,
3453396,NA,
3469182,NA,
3507562,NA,
4928166,NA,
3461336,NA,
3438762,NA,
6894120,NA,
3461531,NA,
4830310,NA,
7322587,NA,
3507536,NA,
7211649,NA,
5921960,NA,
4277016,NA,
4928175,NA,
3462001,NA,
3461981,NA,
3458205,NA,
5921942,NA,
4928205,NA,
3439616,NA,
7420448,NA,
3506686,NA,
4928888,NA,
3438842,NA,
6857950,NA,
3507473,NA,
3461293,NA,
4277031,NA,
3461934,NA,
3970076,NA,
4268403,NA,
5164350,NA,
6681061,NA,
3970074,NA,
6681088,NA,
3461539,NA,
3469975,NA,
3507600,NA,
3439644,NA,
3439729,NA,
7638521,NA,
3438985,NA,
3453390,NA,
5067410,NA,
2740785,NA,
3438688,NA,
7420506,NA,
3453548,NA,
3469206,NA,
4781813,NA,
3438745,NA,
6894127,NA,
4276995,NA,
4277018,NA,
3458247,NA,
3453437,NA,
3507558,NA,
4928185,NA,
3439856,NA,
3507535,NA,
3439777,NA,
4928834,NA,
5921955,NA,
3470037,NA,
3453628,NA,
4557554,NA,
7420430,NA,
3471981,NA,
7638516,NA,
6681053,NA,
3461478,NA,
3970061,NA,
3471941,NA,
3453560,NA,
3970140,NA,
4559768,NA,
3472433,NA,
6681094,NA,
6329940,NA,
3970103,NA,
3472409,NA,
3439007,NA,
4781748,NA,
3461486,NA,
3438963,NA,
4928871,NA,
3461536,NA,
4928177,NA,
5953312,NA,
3439725,NA,
7420514,NA,
3453458,NA,
3445095,NA,
5922011,NA,
7420438,NA,
3453470,NA,
5921968,NA,
3439631,NA,
3439828,NA,
4891556,NA,
7401352,NA,
3507593,NA,
4559757,NA,
3472355,NA,
4277019,NA,
3470012,NA,
7420477,NA,
3461964,NA,
5917089,NA,
3438747,NA,
3469999,NA,
6894096,NA,
4277061,NA,
3439807,NA,
4928180,NA,
3970141,NA,
4928213,NA,
3439583,NA,
3439005,NA,
5917081,NA,
4409013,NA,
5921996,NA,
3439742,NA,
3472019,NA,
3970130,NA,
5551895,NA,
7310845,NA,
3970169,NA,
4559763,NA,
3970096,NA,
6680991,NA,
3439023,NA,
5164334,NA,
3469977,NA,
3507574,NA,
6681005,NA,
3507584,NA,
3471942,NA,
4781803,NA,
5917092,NA,
4781808,NA,
3453606,NA,
5953313,NA,
3439591,NA,
4276983,NA,
5921988,NA,
4928170,NA,
3458235,NA,
3970134,NA,
4928828,NA,
3458227,NA,
3439801,NA,
3469971,NA,
3461327,NA,
3438726,NA,
3438758,NA,
7420517,NA,
3445097,NA,
3469181,NA,
3507555,NA,
3439598,NA,
3461988,NA,
7420521,NA,
6894086,NA,
4277034,NA,
3461289,NA,
4891553,NA,
4891540,NA,
3445102,NA,
4268395,NA,
3438692,NA,
3970095,NA,
3461913,NA,
3461987,NA,
3438716,NA,
3438728,NA,
3453471,NA,
4277032,NA,
3507540,NA,
6681016,NA,
3970153,NA,
4781744,NA,
3471951,NA,
5164346,NA,
3461474,NA,
3970142,NA,
3439019,NA,
5953307,NA,
3438999,NA,
3461521,NA,
3970179,NA,
6681022,NA,
3439763,NA,
6681027,NA,
7537323,NA,
3438884,NA,
3461498,NA,
5953298,NA,
6680986,NA,
6681015,NA,
7420434,NA,
5921914,NA,
3439578,NA,
6894080,NA,
7532407,579469,
3439576,NA,
3439826,NA,
3438880,NA,
4286488,NA,
3506703,NA,
4755355,NA,
5922001,NA,
3438751,NA,
3439020,NA,
3439850,NA,
5921964,NA,
4891561,NA,
3438691,NA,
7420520,NA,
4928155,NA,
3507491,NA,
3438882,NA,
3439847,NA,
7420482,NA,
3507618,NA,
7420467,NA,
6177761,NA,
3970093,NA,
4559756,NA,
3472354,NA,
3471952,NA,
4409014,NA,
7638517,NA,
4559758,NA,
5953288,NA,
3472379,NA,
3453595,NA,
4781798,NA,
3438982,NA,
3506693,NA,
5953319,NA,
3439758,NA,
7211643,NA,
3453585,NA,
3438714,NA,
4830311,NA,
5238812,NA,
5442524,NA,
5921923,NA,
3438859,NA,
7420469,NA,
4277066,NA,
3458257,NA,
3438720,NA,
5921935,NA,
4277056,NA,
7420503,NA,
3438695,NA,
4928156,NA,
5067390,NA,
5921985,NA,
3453579,NA,
3439799,NA,
3438694,NA,
3439802,NA,
7456084,NA,
6894121,NA,
4557556,NA,
5205619,NA,
6681107,NA,
6681024,NA,
3472005,NA,
5164361,NA,
3471998,NA,
3471989,NA,
6681049,NA,
5551886,NA,
3970175,NA,
3472362,NA,
5551896,NA,
5953287,NA,
4928841,NA,
3507552,NA,
5953305,NA,
3453388,NA,
5921983,NA,
6894108,NA,
3439830,NA,
3445091,NA,
3438845,NA,
6234695,NA,
3453387,NA,
4557546,NA,
3438709,NA,
3507501,NA,
3507534,NA,
3438710,NA,
3461308,NA,
3439756,NA,
7420493,NA,
3469202,NA,
3438685,NA,
4277067,NA,
6681059,NA,
3453582,NA,
4891547,NA,
3439864,NA,
6894093,NA,
4928842,NA,
7420450,NA,
3458254,NA,
4559759,NA,
5164333,NA,
3439018,NA,
3439810,NA,
4781753,NA,
3472411,NA,
5164335,NA,
4928893,NA,
3453402,NA,
5164339,NA,
4276970,NA,
4781778,NA,
3458268,NA,
3469214,NA,
3507543,NA,
4276986,NA,
3469243,NA,
7420510,NA,
5921958,NA,
3507520,NA,
3439745,NA,
4276961,NA,
5921952,NA,
4781800,NA,
4277042,NA,
3439780,NA,
4557542,NA,
3438735,NA,
4928200,NA,
3453417,NA,
4928873,NA,
3507489,NA,
3438875,NA,
6681058,NA,
6681003,NA,
6681080,NA,
4781812,NA,
3458269,NA,
3458239,NA,
5953300,NA,
5953311,NA,
5921956,NA,
3472442,NA,
3439010,NA,
3439658,NA,
5791181,NA,
3439641,NA,
6854597,NA,
4557550,NA,
4276987,NA,
3438687,NA,
3439771,NA,
3458211,NA,
3461927,NA,
5922008,NA,
3439749,NA,
6681083,NA,
3507581,NA,
3439788,NA,
3439747,NA,
6894135,NA,
3438871,NA,
3470017,NA,
3469180,NA,
3507500,NA,
3469179,NA,
3507595,NA,
3438966,NA,
7420461,NA,
3439843,NA,
3507557,NA,
3469230,NA,
3438979,NA,
6834292,NA,
5921987,NA,
3472368,NA,
3438952,NA,
6680994,NA,
4928172,NA,
3439744,NA,
6681039,NA,
3506677,NA,
6681102,NA,
3439013,NA,
3506708,NA,
3453385,NA,
6681060,NA,
5164356,NA,
3469969,NA,
3506681,NA,
6681023,NA,
5953309,NA,
3461463,NA,
4409006,NA,
6894110,NA,
5164360,NA,
3471994,NA,
3461995,NA,
3439772,NA,
5253741,NA,
4781747,NA,
3458226,NA,
4557569,NA,
5921928,NA,
3458219,NA,
4928211,NA,
3469177,NA,
4276974,NA,
3453432,NA,
3439755,NA,
6894061,NA,
3507461,NA,
4928855,NA,
5253739,NA,
6681045,NA,
5922007,NA,
3453589,NA,
3453588,NA,
3970067,NA,
7420478,NA,
6681037,NA,
6681106,NA,
3472393,NA,
3439783,NA,
3439024,NA,
3472413,NA,
3453398,NA,
3439632,NA,
3453429,NA,
3469970,NA,
3438757,NA,
3469218,NA,
7287145,NA,
3507523,NA,
3469951,NA,
3507532,NA,
6681090,NA,
3507495,NA,
3453618,NA,
3970089,NA,
3472436,NA,
3471975,NA,
3472021,NA,
3472013,NA,
7420494,NA,
3438998,NA,
4781784,NA,
3439006,NA,
4891542,NA,
3507463,NA,
6681000,NA,
3445109,NA,
4268388,NA,
3469966,NA,
3470023,NA,
3461494,NA,
4928174,NA,
3439611,NA,
3507571,NA,
4830320,NA,
3438872,NA,
3453464,NA,
3469211,NA,
3438696,NA,
3507517,NA,
3469967,NA,
4277039,NA,
3438840,NA,
4557566,NA,
6894051,NA,
3469984,NA,
3461292,NA,
3461299,NA,
6217419,NA,
3462004,NA,
5167931,NA,
3453623,NA,
5921977,NA,
3453472,NA,
6681098,NA,
3469190,NA,
3453627,NA,
3472356,NA,
3472025,NA,
5551880,NA,
3461533,NA,
3472392,NA,
3438969,NA,
3970059,NA,
3472434,NA,
3461974,NA,
6681047,NA,
4559765,NA,
3471944,NA,
3472432,NA,
3506683,NA,
3470006,NA,
3461465,NA,
3472435,NA,
5953310,NA,
4781785,NA,
4928854,NA,
3453591,NA,
3461324,NA,
7420509,NA,
7420522,NA,
3469957,NA,
5921994,NA,
4276957,NA,
5921970,NA,
3438748,NA,
3462003,NA,
7420483,NA,
3461960,NA,
3439738,NA,
3507615,NA,
4276967,NA,
6894042,NA,
3439620,NA,
3453609,NA,
3453597,NA,
3472027,NA,
3472022,NA,
6073278,NA,
6681077,NA,
4781779,NA,
6680984,NA,
3472390,NA,
3439629,NA,
3439740,NA,
5791871,NA,
3469245,NA,
4781740,NA,
6681020,NA,
3461307,NA,
3507460,NA,
5164352,NA,
3970088,NA,
3439797,NA,
6894043,NA,
3472357,NA,
4781742,NA,
4335131,NA,
3438721,NA,
3507590,NA,
3439764,NA,
3507483,NA,
3469183,NA,
3453566,NA,
4409004,NA,
3471988,NA,
3470035,NA,
3438855,NA,
3970160,NA,
4781799,NA,
3472008,NA,
4335127,NA,
4268399,NA,
6894105,NA,
4781751,NA,
3461532,NA,
7420515,NA,
3439016,NA,
6681097,NA,
4276940,NA,
6894058,NA,
3469979,NA,
4276979,NA,
5067454,NA,
4277000,NA,
4928186,NA,
3469244,NA,
3438693,NA,
3469210,NA,
5921909,NA,
3507622,NA,
3453428,NA,
3507625,NA,
3470039,NA,
4928159,NA,
3469237,NA,
3970100,NA,
4928884,NA,
3438730,NA,
3458246,NA,
3453603,NA,
7638511,NA,
4408998,NA,
6681044,NA,
4409007,NA,
6681006,NA,
3470029,NA,
6681056,NA,
3506698,NA,
3461543,NA,
4559751,NA,
3453441,NA,
3506690,NA,
3472407,NA,
3472377,NA,
3439608,NA,
3472429,NA,
3472394,NA,
3453391,NA,
4277015,NA,
3461945,NA,
7420502,NA,
3469197,NA,
4781818,NA,
5164342,NA,
3461340,NA,
3469204,NA,
6681019,NA,
5042926,NA,
4277035,NA,
3507577,NA,
3507596,NA,
3472439,NA,
3507554,NA,
3438864,NA,
3439836,NA,
3970183,NA,
3453612,NA,
4557548,NA,
3472029,NA,
3453581,NA,
7445191,NA,
4268390,NA,
7420476,NA,
3472364,NA,
3506697,NA,
7211647,NA,
4928846,NA,
3469980,NA,
4949762,NA,
3507465,NA,
4276997,NA,
3458244,NA,
4557563,NA,
4781750,NA,
5253743,NA,
3439751,NA,
6894106,NA,
3453440,NA,
3438689,NA,
3970111,NA,
3453407,NA,
4408994,NA,
4408999,NA,
6681057,NA,
3461514,NA,
7638504,NA,
4781768,NA,
3461969,NA,
5164340,NA,
3472446,NA,
3453473,NA,
6681026,NA,
3469940,NA,
3506680,NA,
3438983,NA,
3439774,NA,
4781781,NA,
3470001,NA,
3507566,NA,
4557570,NA,
6838095,NA,
6681001,NA,
3438739,NA,
3507499,NA,
3438772,NA,
3439813,NA,
4175876,NA,
4928192,NA,
4335140,NA,
3507527,NA,
5253742,NA,
4277027,NA,
3453552,NA,
3439579,NA,
4914082,NA,
3453622,NA,
5917098,NA,
4268397,NA,
3970173,NA,
5164343,NA,
3453580,NA,
3461500,NA,
3472004,NA,
5700100,NA,
5917082,NA,
3439575,NA,
4928858,NA,
4360286,NA,
3438774,NA,
3453418,NA,
7274365,NA,
3453619,NA,
6894104,NA,
3438712,NA,
5917090,NA,
4276942,NA,
3439839,NA,
3453561,NA,
3472032,NA,
6681018,NA,
3970086,NA,
5551901,NA,
3461546,NA,
4781783,NA,
3472382,NA,
3438844,NA,
3439618,NA,
5528199,NA,
3439617,NA,
4830306,NA,
3970181,NA,
3472416,NA,
5551899,NA,
5528195,NA,
3469968,NA,
7673176,NA,
6894048,NA,
5325677,NA,
7638518,NA,
3453569,NA,
6985008,NA,
3461525,NA,
6681035,NA,
3438850,NA,
3469203,NA,
6894118,NA,
4928165,NA,
3469193,NA,
4928206,NA,
4928184,NA,
6894097,NA,
3507542,NA,
3438743,NA,
7638515,NA,
6177758,NA,
3471961,NA,
5164328,NA,
3438770,NA,
3970176,NA,
3461545,NA,
4781816,NA,
4928879,NA,
4928865,NA,
5253735,NA,
6894115,NA,
3507614,NA,
3453455,NA,
3507537,NA,
3438873,NA,
3453438,NA,
3471977,NA,
5921939,NA,
5953294,NA,
3970139,NA,
3461300,NA,
3472358,NA,
3453547,NA,
5953304,NA,
3470033,NA,
4781764,NA,
3453613,NA,
3458236,NA,
4557551,NA,
3461341,NA,
3507509,NA,
3507490,NA,
4928204,NA,
3461922,NA,
4557558,NA,
4928829,NA,
7420480,NA,
5551882,NA,
3506676,NA,
6681087,NA,
3970117,NA,
4557552,NA,
3472402,NA,
3472425,NA,
3469930,NA,
3439022,NA,
4928851,NA,
4781806,NA,
3438878,NA,
3439853,NA,
3469963,NA,
3453577,NA,
3438881,NA,
4781796,NA,
3453551,NA,
3438744,NA,
3439822,NA,
4277051,NA,
3461304,NA,
3453383,NA,
3507569,NA,
3453545,NA,
3472026,NA,
3471955,NA,
3438974,NA,
3461518,NA,
3970144,NA,
3472419,NA,
3472421,NA,
3461954,NA,
4335129,NA,
4830314,NA,
3453452,NA,
7420519,NA,
3453544,NA,
3439714,NA,
3453442,NA,
3461294,NA,
3507516,NA,
3453378,NA,
3469936,NA,
3453415,NA,
4409000,NA,
6681099,NA,
3438711,NA,
4928857,NA,
4928198,NA,
3461278,NA,
4830318,NA,
4928830,NA,
3458265,NA,
5551887,NA,
3453562,NA,
7539315,NA,
3461507,NA,
6681042,NA,
3461495,NA,
3438978,NA,
3469976,NA,
3439805,NA,
3453602,NA,
3439831,NA,
3453610,NA,
3507633,NA,
3453465,NA,
3970105,NA,
4409002,NA,
6681073,NA,
3472387,NA,
6681089,NA,
6681109,NA,
5953308,NA,
3461481,NA,
3453462,NA,
3438727,NA,
3438698,NA,
3507526,NA,
3507575,NA,
4928167,NA,
4277008,NA,
3472012,NA,
3970182,NA,
3453436,NA,
5921953,NA,
3970077,NA,
5551903,NA,
3461502,NA,
4928887,NA,
6681009,NA,
4928866,NA,
5285468,NA,
4557565,NA,
3461339,NA,
7420499,NA,
5551906,NA,
3461541,NA,
3970069,NA,
3507488,NA,
3438753,NA,
3469993,NA,
4928895,NA,
3453397,NA,
3453403,NA,
4335139,NA,
4335130,NA,
3461337,NA,
3970155,NA,
6681065,NA,
3970138,NA,
3471960,NA,
4781743,NA,
6244353,NA,
3439785,NA,
3472373,NA,
3461499,NA,
3461503,NA,
3439012,NA,
5403741,NA,
3453408,NA,
4276950,NA,
4335122,NA,
6894134,NA,
3453630,NA,
3453614,NA,
3472423,NA,
7401336,NA,
3445099,NA,
3470010,NA,
4335132,NA,
3970073,NA,
3970158,NA,
3453616,NA,
3470020,NA,
3439779,NA,
6681110,NA,
4781771,NA,
3438729,NA,
3453553,NA,
4335136,NA,
3453386,NA,
3472431,NA,
3507485,NA,
4557544,NA,
3970164,NA,
3453414,NA,
6681038,NA,
3453466,NA,
4830307,NA,
3453568,NA,
3453449,NA,
4557547,NA,
3453601,NA,
3461542,NA,
6681091,NA,
3461522,NA,
3439842,NA,
4268408,NA,
4276964,NA,
3453617,NA,
3472397,NA,
3970174,NA,
3471999,NA,
3472426,NA,
3439606,NA,
3438723,NA,
5551472,NA,
3507496,NA,
3471995,NA,
5953282,NA,
3472023,NA,
3458209,NA,
3453604,NA,
3453399,NA,
4830313,NA,
3453384,NA,
3453563,NA,
3453593,NA,
3970123,NA,
3439770,NA,
3453411,NA,
4409003,NA,
3453559,NA,
6681085,NA,
3472017,NA,
6894109,NA,
4781809,NA,
3507599,NA,
5075762,NA,
4830305,NA,
4277010,NA,
6681034,NA,
3453421,NA,
4286114,NA,
3507602,NA,
3469225,NA,
3453453,NA,
3439800,NA,
3453412,NA,
3453599,NA,
3469937,NA,
3458255,NA,
4334493,NA,
5551469,NA,
4335134,NA,
3453578,NA,
3453451,NA,
4830321,NA,
4830303,NA,
4830319,NA,
3453571,NA,
3453467,NA,
3453573,NA,
3970137,NA,
3453416,NA,
5235107,275828,
3970166,NA,
3438865,NA,
3970170,NA,
3472430,NA,
4956831,NA,
3507475,NA,
3453406,NA,
3472424,NA,
3834602,NA,
3438700,NA,
3453446,NA,
3970113,NA,
4830309,NA,
3453380,NA,
4335126,NA,
3471983,NA,
3458231,NA,
3470030,NA,
3453435,NA,
3453574,NA,
4335137,NA,
3453401,NA,
5327608,NA,
3453600,NA,
3438860,NA,
6681093,NA,
3453433,NA,
3453445,NA,
4276960,NA,
3453404,NA,
3453395,NA,
3453410,NA,
3453468,NA,
3453424,NA,
3453590,NA,
3453572,NA,
4830315,NA,
3453459,NA,
3453621,NA,
3453393,NA,
3453448,NA,
3453392,NA,
3453456,NA,
3453422,NA,
3453469,NA,
3453457,NA,
3453450,NA,
3453394,NA,
